Date,HWC
2010-01-04,28.56161880493164
2010-01-05,27.73558807373047
2010-01-06,27.525903701782227
2010-01-07,28.574316024780273
2010-01-08,28.92380714416504
2010-01-11,28.078710556030273
2010-01-12,27.96432876586914
2010-01-13,28.186723709106445
2010-01-14,28.21215057373047
2010-01-15,28.421829223632812
2010-01-19,28.828489303588867
2010-01-20,27.360692977905273
2010-01-21,27.856325149536133
2010-01-22,27.703821182250977
2010-01-25,27.500484466552734
2010-01-26,26.636329650878906
2010-01-27,27.04933738708496
2010-01-28,26.477479934692383
2010-01-29,26.032690048217773
2010-02-01,25.84842300415039
2010-02-02,25.60697364807129
2010-02-03,25.498945236206055
2010-02-04,24.749156951904297
2010-02-05,24.78093147277832
2010-02-08,24.53948402404785
2010-02-09,24.90165901184082
2010-02-10,25.63237762451172
2010-02-11,25.702274322509766
2010-02-12,25.8039493560791
2010-02-16,25.74675750732422
2010-02-17,25.63873863220215
2010-02-18,25.988218307495117
2010-02-19,26.032690048217773
2010-02-22,26.242368698120117
2010-02-23,25.63237762451172
2010-02-24,26.37581443786621
2010-02-25,26.255084991455078
2010-02-26,25.61966896057129
2010-03-01,25.842069625854492
2010-03-02,26.197898864746094
2010-03-03,25.923070907592773
2010-03-04,26.217077255249023
2010-03-05,26.32573127746582
2010-03-08,26.664451599121094
2010-03-09,26.402421951293945
2010-03-10,26.843408584594727
2010-03-11,27.265239715576172
2010-03-12,27.131027221679688
2010-03-15,26.87537384033203
2010-03-16,26.958465576171875
2010-03-17,27.194936752319336
2010-03-18,27.22051239013672
2010-03-19,27.469768524169922
2010-03-22,27.578414916992188
2010-03-23,27.143808364868164
2010-03-24,26.69641876220703
2010-03-25,26.945682525634766
2010-03-26,26.626115798950195
2010-03-29,26.466337203979492
2010-03-30,26.56859588623047
2010-03-31,26.721986770629883
2010-04-01,26.984024047851562
2010-04-05,26.92650604248047
2010-04-06,27.31636619567871
2010-04-07,27.0159854888916
2010-04-08,26.88815689086914
2010-04-09,26.77950096130371
2010-04-12,27.131027221679688
2010-04-13,26.747549057006836
2010-04-14,27.42502212524414
2010-04-15,27.501724243164062
2010-04-16,27.1054630279541
2010-04-19,27.175764083862305
2010-04-20,27.61037826538086
2010-04-21,27.93633460998535
2010-04-22,27.469768524169922
2010-04-23,27.278026580810547
2010-04-26,26.20428466796875
2010-04-27,25.66742515563965
2010-04-28,25.903894424438477
2010-04-29,26.907329559326172
2010-04-30,26.127601623535156
2010-05-03,25.69937515258789
2010-05-04,25.156116485595703
2010-05-05,25.162500381469727
2010-05-06,24.516996383666992
2010-05-07,24.568119049072266
2010-05-10,25.635465621948242
2010-05-11,25.935850143432617
2010-05-12,26.664451599121094
2010-05-13,26.34490203857422
2010-05-14,25.916677474975586
2010-05-17,26.02534294128418
2010-05-18,25.296724319458008
2010-05-19,25.226423263549805
2010-05-20,24.075986862182617
2010-05-21,24.376384735107422
2010-05-24,23.571077346801758
2010-05-25,23.628599166870117
2010-05-26,24.139904022216797
2010-05-27,24.900466918945312
2010-05-28,24.43389892578125
2010-06-01,23.50077247619629
2010-06-02,24.060468673706055
2010-06-03,24.08620262145996
2010-06-04,22.986114501953125
2010-06-07,22.567951202392578
2010-06-08,22.040416717529297
2010-06-09,22.02755355834961
2010-06-10,22.368515014648438
2010-06-11,22.272022247314453
2010-06-14,22.825273513793945
2010-06-15,23.172679901123047
2010-06-16,22.902481079101562
2010-06-17,22.83814239501953
2010-06-18,22.754518508911133
2010-06-21,23.005407333374023
2010-06-22,23.179113388061523
2010-06-23,22.85101318359375
2010-06-24,22.458580017089844
2010-06-25,22.64514923095703
2010-06-28,22.593685150146484
2010-06-29,21.834556579589844
2010-06-30,21.4614200592041
2010-07-01,21.249130249023438
2010-07-02,21.1590518951416
2010-07-06,21.081857681274414
2010-07-07,21.63512420654297
2010-07-08,21.725183486938477
2010-07-09,22.214115142822266
2010-07-12,22.156219482421875
2010-07-13,22.664440155029297
2010-07-14,21.660863876342773
2010-07-15,22.03398323059082
2010-07-16,21.345626831054688
2010-07-19,21.165491104125977
2010-07-20,21.390655517578125
2010-07-21,18.019622802734375
2010-07-22,18.52141571044922
2010-07-23,18.62434196472168
2010-07-26,19.016773223876953
2010-07-27,19.46066665649414
2010-07-28,19.396337509155273
2010-07-29,19.544307708740234
2010-07-30,19.62793731689453
2010-08-02,20.026805877685547
2010-08-03,19.98177146911621
2010-08-04,20.06540298461914
2010-08-05,19.96246910095215
2010-08-06,19.788776397705078
2010-08-09,20.290569305419922
2010-08-10,19.814498901367188
2010-08-11,18.71441078186035
2010-08-12,18.405616760253906
2010-08-13,18.328414916992188
2010-08-16,18.360578536987305
2010-08-17,18.450647354125977
2010-08-18,18.379880905151367
2010-08-19,17.916688919067383
2010-08-20,18.309112548828125
2010-08-23,18.1868896484375
2010-08-24,18.148284912109375
2010-08-25,18.392744064331055
2010-08-26,18.167585372924805
2010-08-27,18.534286499023438
2010-08-30,17.672216415405273
2010-08-31,17.511388778686523
2010-09-01,18.212360382080078
2010-09-02,18.673189163208008
2010-09-03,19.088584899902344
2010-09-07,18.433034896850586
2010-09-08,19.114545822143555
2010-09-09,19.153484344482422
2010-09-10,19.16647720336914
2010-09-13,19.744121551513672
2010-09-14,19.419599533081055
2010-09-15,19.419599533081055
2010-09-16,18.94579315185547
2010-09-17,18.97175407409668
2010-09-20,19.64027214050293
2010-09-21,19.33521842956543
2010-09-22,18.8743953704834
2010-09-23,18.757570266723633
2010-09-24,19.439067840576172
2010-09-27,19.030168533325195
2010-09-28,19.231372833251953
2010-09-29,19.406620025634766
2010-09-30,19.51695442199707
2010-10-01,19.503976821899414
2010-10-04,19.15998077392578
2010-10-05,19.62079429626465
2010-10-06,19.575374603271484
2010-10-07,19.45204734802246
2010-10-08,19.646760940551758
2010-10-11,19.510473251342773
2010-10-12,19.581867218017578
2010-10-13,20.06864356994629
2010-10-14,19.83498764038086
2010-10-15,19.867443084716797
2010-10-18,20.756643295288086
2010-10-19,20.555435180664062
2010-10-20,20.866985321044922
2010-10-21,20.665775299072266
2010-10-22,20.730682373046875
2010-10-25,20.28932762145996
2010-10-26,20.373706817626953
2010-10-27,20.146533966064453
2010-10-28,20.07514190673828
2010-10-29,20.393173217773438
2010-11-01,19.83498764038086
2010-11-02,20.185482025146484
2010-11-03,20.717697143554688
2010-11-04,21.522523880004883
2010-11-05,21.69127655029297
2010-11-08,21.405685424804688
2010-11-09,21.197996139526367
2010-11-10,21.223962783813477
2010-11-11,21.074676513671875
2010-11-12,20.60087013244629
2010-11-15,20.82803726196289
2010-11-16,20.68525505065918
2010-11-17,20.36720848083496
2010-11-18,20.607364654541016
2010-11-19,20.587881088256836
2010-11-22,20.38668441772461
2010-11-23,20.315284729003906
2010-11-24,20.78909683227539
2010-11-26,20.38668441772461
2010-11-29,20.60087013244629
2010-11-30,20.445096969604492
2010-12-01,21.24342918395996
2010-12-02,21.576887130737305
2010-12-03,21.825355529785156
2010-12-06,22.165355682373047
2010-12-07,22.302656173706055
2010-12-08,22.53805160522461
2010-12-09,22.721120834350586
2010-12-10,23.231117248535156
2010-12-13,23.15266227722168
2010-12-14,23.296504974365234
2010-12-15,23.22458267211914
2010-12-16,23.45342445373535
2010-12-17,23.82612419128418
2010-12-20,23.767269134521484
2010-12-21,24.218425750732422
2010-12-22,22.609970092773438
2010-12-23,21.65534782409668
2010-12-27,21.64227867126465
2010-12-28,22.211124420166016
2010-12-29,22.89112091064453
2010-12-30,22.871501922607422
2010-12-31,22.793046951293945
2011-01-03,23.1330509185791
2011-01-04,22.59034538269043
2011-01-05,22.701509475708008
2011-01-06,22.407278060913086
2011-01-07,22.054195404052734
2011-01-10,22.021507263183594
2011-01-11,21.96919822692871
2011-01-12,22.034584045410156
2011-01-13,21.70766830444336
2011-01-14,22.00843048095703
2011-01-18,22.00843048095703
2011-01-19,22.165355682373047
2011-01-20,21.988815307617188
2011-01-21,21.982276916503906
2011-01-24,21.988815307617188
2011-01-25,21.962661743164062
2011-01-26,21.694583892822266
2011-01-27,21.77959442138672
2011-01-28,21.472272872924805
2011-01-31,21.446123123168945
2011-02-01,21.60958480834961
2011-02-02,21.295738220214844
2011-02-03,21.321889877319336
2011-02-04,21.276119232177734
2011-02-07,21.315351486206055
2011-02-08,21.315351486206055
2011-02-09,21.119199752807617
2011-02-10,20.877281188964844
2011-02-11,21.616121292114258
2011-02-14,21.491893768310547
2011-02-15,21.38727569580078
2011-02-16,22.623043060302734
2011-02-17,22.570730209350586
2011-02-18,23.02842903137207
2011-02-22,22.263431549072266
2011-02-23,22.152278900146484
2011-02-24,22.145736694335938
2011-02-25,22.62957763671875
2011-02-28,22.668813705444336
2011-03-01,22.459575653076172
2011-03-02,21.952579498291016
2011-03-03,22.47275161743164
2011-03-04,21.768217086791992
2011-03-07,21.544347763061523
2011-03-08,21.94598960876465
2011-03-09,21.8998966217041
2011-03-10,21.16903305053711
2011-03-11,21.116352081298828
2011-03-14,20.77396011352539
2011-03-15,20.73446273803711
2011-03-16,20.378889083862305
2011-03-17,20.681777954101562
2011-03-18,21.234878540039062
2011-03-21,21.511423110961914
2011-03-22,21.544347763061523
2011-03-23,21.53117561340332
2011-03-24,21.379737854003906
2011-03-25,21.327051162719727
2011-03-28,21.234878540039062
2011-03-29,21.366567611694336
2011-03-30,21.728702545166016
2011-03-31,21.623353958129883
2011-04-01,22.15011978149414
2011-04-04,22.387157440185547
2011-04-05,22.28179931640625
2011-04-06,22.43982696533203
2011-04-07,22.07769012451172
2011-04-08,21.88673973083496
2011-04-11,21.636526107788086
2011-04-12,21.708948135375977
2011-04-13,21.307300567626953
2011-04-14,21.4653263092041
2011-04-15,21.755046844482422
2011-04-18,21.37314224243164
2011-04-19,21.241458892822266
2011-04-20,21.333637237548828
2011-04-21,21.333637237548828
2011-04-25,21.485088348388672
2011-04-26,21.972333908081055
2011-04-27,21.820892333984375
2011-04-28,21.893312454223633
2011-04-29,21.504838943481445
2011-05-02,21.20853042602539
2011-05-03,21.346811294555664
2011-05-04,21.234878540039062
2011-05-05,21.122934341430664
2011-05-06,20.951745986938477
2011-05-09,20.4842472076416
2011-05-10,20.767379760742188
2011-05-11,20.741039276123047
2011-05-12,21.16903305053711
2011-05-13,20.91223907470703
2011-05-16,20.741039276123047
2011-05-17,21.063682556152344
2011-05-18,21.10976791381836
2011-05-19,20.96491241455078
2011-05-20,20.879316329956055
2011-05-23,20.51716423034668
2011-05-24,20.398651123046875
2011-05-25,20.41181182861328
2011-05-26,20.477657318115234
2011-05-27,21.011003494262695
2011-05-31,21.274385452270508
2011-06-01,20.951745986938477
2011-06-02,21.25029182434082
2011-06-03,21.256929397583008
2011-06-06,20.872133255004883
2011-06-07,20.785879135131836
2011-06-08,20.381175994873047
2011-06-09,20.208677291870117
2011-06-10,20.135700225830078
2011-06-13,20.281661987304688
2011-06-14,20.620023727416992
2011-06-15,20.23521614074707
2011-06-16,20.60675048828125
2011-06-17,21.091066360473633
2011-06-20,21.04462432861328
2011-06-21,21.011451721191406
2011-06-22,20.6531925201416
2011-06-23,20.46078872680664
2011-06-24,20.454151153564453
2011-06-27,20.60675048828125
2011-06-28,20.692995071411133
2011-06-29,20.75934410095215
2011-06-30,20.55367660522461
2011-07-01,20.77924346923828
2011-07-05,20.746076583862305
2011-07-06,20.792522430419922
2011-07-07,20.892038345336914
2011-07-08,20.61338233947754
2011-07-11,19.876953125
2011-07-12,20.195405960083008
2011-07-13,20.46078872680664
2011-07-14,20.042818069458008
2011-07-15,19.89022445678711
2011-07-18,19.644742965698242
2011-07-19,20.109163284301758
2011-07-20,20.33473014831543
2011-07-21,20.573579788208008
2011-07-22,21.694808959960938
2011-07-25,21.701440811157227
2011-07-26,21.6218204498291
2011-07-27,21.316635131835938
2011-07-28,21.701440811157227
2011-07-29,21.860668182373047
2011-08-01,21.787687301635742
2011-08-02,21.296737670898438
2011-08-03,21.535572052001953
2011-08-04,20.620023727416992
2011-08-05,20.507234573364258
2011-08-08,18.483715057373047
2011-08-09,19.233409881591797
2011-08-10,18.397464752197266
2011-08-11,19.55186653137207
2011-08-12,19.074182510375977
2011-08-15,19.671279907226562
2011-08-16,19.259946823120117
2011-08-17,19.385995864868164
2011-08-18,18.211692810058594
2011-08-19,17.627859115600586
2011-08-22,17.674297332763672
2011-08-23,18.649572372436523
2011-08-24,19.405899047851562
2011-08-25,18.682741165161133
2011-08-26,19.167062759399414
2011-08-29,20.18877601623535
2011-08-30,19.95656967163086
2011-08-31,20.712902069091797
2011-09-01,19.73676300048828
2011-09-02,18.787363052368164
2011-09-06,18.660329818725586
2011-09-07,19.81699562072754
2011-09-08,19.335609436035156
2011-09-09,18.667015075683594
2011-09-12,18.98126220703125
2011-09-13,19.041425704956055
2011-09-14,19.435894012451172
2011-09-15,19.68327522277832
2011-09-16,19.636476516723633
2011-09-19,19.028051376342773
2011-09-20,18.733877182006836
2011-09-21,17.837970733642578
2011-09-22,17.771106719970703
2011-09-23,17.931568145751953
2011-09-26,18.50655174255371
2011-09-27,18.59347152709961
2011-09-28,17.7109317779541
2011-09-29,18.620216369628906
2011-09-30,17.924882888793945
2011-10-03,17.33652687072754
2011-10-04,18.43968963623047
2011-10-05,18.680391311645508
2011-10-06,19.12834358215332
2011-10-07,18.34609603881836
2011-10-10,19.30217933654785
2011-10-11,19.335609436035156
2011-10-12,19.770183563232422
2011-10-13,19.536176681518555
2011-10-14,19.99750518798828
2011-10-17,19.22195053100586
2011-10-18,20.57918357849121
2011-10-19,20.81319236755371
2011-10-20,21.468414306640625
2011-10-21,21.816078186035156
2011-10-24,22.27071189880371
2011-10-25,20.044315338134766
2011-10-26,20.358551025390625
2011-10-27,21.107370376586914
2011-10-28,20.95359992980957
2011-10-31,20.258262634277344
2011-11-01,19.442581176757812
2011-11-02,19.970767974853516
2011-11-03,20.458833694458008
2011-11-04,20.405351638793945
2011-11-07,20.712905883789062
2011-11-08,21.120746612548828
2011-11-09,20.104480743408203
2011-11-10,20.010879516601562
2011-11-11,20.519014358520508
2011-11-14,19.977458953857422
2011-11-15,20.371917724609375
2011-11-16,20.01756477355957
2011-11-17,19.89053726196289
2011-11-18,20.03093910217285
2011-11-21,19.22195053100586
2011-11-22,19.15508460998535
2011-11-23,18.46644401550293
2011-11-25,18.43968963623047
2011-11-28,19.04811668395996
2011-11-29,19.114971160888672
2011-11-30,20.418718338012695
2011-12-01,19.96721839904785
2011-12-02,20.27720832824707
2011-12-05,20.58045196533203
2011-12-06,20.661317825317383
2011-12-07,21.05217170715332
2011-12-08,20.46589469909668
2011-12-09,21.180213928222656
2011-12-12,20.85000991821289
2011-12-13,20.459157943725586
2011-12-14,19.879619598388672
2011-12-15,20.566984176635742
2011-12-16,21.180213928222656
2011-12-19,20.53327751159668
2011-12-20,21.153257369995117
2011-12-21,21.355426788330078
2011-12-22,21.75975227355957
2011-12-23,21.773235321044922
2011-12-27,21.908008575439453
2011-12-28,21.5643253326416
2011-12-29,21.887786865234375
2011-12-30,21.544109344482422
2012-01-03,21.773235321044922
2012-01-04,21.908008575439453
2012-01-05,22.211257934570312
2012-01-06,22.170825958251953
2012-01-09,22.777315139770508
2012-01-10,23.026660919189453
2012-01-11,23.094051361083984
2012-01-12,23.296213150024414
2012-01-13,23.356863021850586
2012-01-17,23.242305755615234
2012-01-18,23.397294998168945
2012-01-19,23.181652069091797
2012-01-20,23.36359977722168
2012-01-23,23.174903869628906
2012-01-24,22.99296760559082
2012-01-25,23.36359977722168
2012-01-26,22.352766036987305
2012-01-27,21.638465881347656
2012-01-30,22.217988967895508
2012-01-31,22.372997283935547
2012-02-01,22.723411560058594
2012-02-02,22.864925384521484
2012-02-03,23.24903678894043
2012-02-06,23.040130615234375
2012-02-07,22.972747802734375
2012-02-08,22.939058303833008
2012-02-09,22.959266662597656
2012-02-10,22.588640213012695
2012-02-13,22.952531814575195
2012-02-14,22.682968139648438
2012-02-15,22.71666717529297
2012-02-16,23.51185417175293
2012-02-17,23.215347290039062
2012-02-21,22.98622703552246
2012-02-22,22.521240234375
2012-02-23,22.972747802734375
2012-02-24,22.66950035095215
2012-02-27,22.99970245361328
2012-02-28,22.837976455688477
2012-02-29,22.898624420166016
2012-03-01,23.197240829467773
2012-03-02,22.89862060546875
2012-03-05,22.93255615234375
2012-03-06,22.34889030456543
2012-03-07,22.749313354492188
2012-03-08,23.170095443725586
2012-03-09,23.4279842376709
2012-03-12,23.305824279785156
2012-03-13,24.3238468170166
2012-03-14,24.025230407714844
2012-03-15,24.527450561523438
2012-03-16,24.26955223083496
2012-03-19,24.43243980407715
2012-03-20,24.4256591796875
2012-03-21,24.33741569519043
2012-03-22,23.964141845703125
2012-03-23,24.093097686767578
2012-03-26,24.669973373413086
2012-03-27,24.54780387878418
2012-03-28,24.642831802368164
2012-03-29,24.344202041625977
2012-03-30,24.099882125854492
2012-04-02,24.50708770751953
2012-04-03,24.446006774902344
2012-04-04,24.106672286987305
2012-04-05,23.82840919494629
2012-04-09,23.39405632019043
2012-04-10,23.28547477722168
2012-04-11,23.85556411743164
2012-04-12,23.923429489135742
2012-04-13,23.081863403320312
2012-04-16,23.38048553466797
2012-04-17,24.08631134033203
2012-04-18,23.556934356689453
2012-04-19,23.692676544189453
2012-04-20,23.970937728881836
2012-04-23,23.631593704223633
2012-04-24,24.106672286987305
2012-04-25,24.561382293701172
2012-04-26,24.676761627197266
2012-04-27,22.52534294128418
2012-04-30,21.833091735839844
2012-05-01,21.880598068237305
2012-05-02,21.968833923339844
2012-05-03,21.751657485961914
2012-05-04,21.324085235595703
2012-05-07,21.615922927856445
2012-05-08,21.561622619628906
2012-05-09,21.49374771118164
2012-05-10,21.81952476501465
2012-05-11,21.58197593688965
2012-05-14,21.181560516357422
2012-05-15,20.903303146362305
2012-05-16,20.63861846923828
2012-05-17,19.844566345214844
2012-05-18,19.50522804260254
2012-05-21,19.88529396057129
2012-05-22,20.000661849975586
2012-05-23,20.17711639404297
2012-05-24,20.23141098022461
2012-05-25,20.17032814025879
2012-05-29,20.686120986938477
2012-05-30,20.367149353027344
2012-05-31,20.692916870117188
2012-06-01,19.564210891723633
2012-06-04,19.304275512695312
2012-06-05,19.146930694580078
2012-06-06,19.434240341186523
2012-06-07,19.632617950439453
2012-06-08,19.974651336669922
2012-06-11,19.475276947021484
2012-06-12,19.632617950439453
2012-06-13,19.687341690063477
2012-06-14,19.824161529541016
2012-06-15,20.002012252807617
2012-06-18,19.98148536682129
2012-06-19,20.357728958129883
2012-06-20,20.22774887084961
2012-06-21,19.728389739990234
2012-06-22,20.220909118652344
2012-06-25,19.96097183227539
2012-06-26,20.043058395385742
2012-06-27,20.494537353515625
2012-06-28,20.535579681396484
2012-06-29,20.82288932800293
2012-07-02,21.28805160522461
2012-07-03,21.5069522857666
2012-07-05,21.370132446289062
2012-07-06,21.01442527770996
2012-07-09,21.041786193847656
2012-07-10,20.87076759338379
2012-07-11,20.925495147705078
2012-07-12,20.966541290283203
2012-07-13,21.233325958251953
2012-07-16,21.07599449157715
2012-07-17,21.07599449157715
2012-07-18,21.096508026123047
2012-07-19,21.007577896118164
2012-07-20,20.727123260498047
2012-07-23,20.337200164794922
2012-07-24,20.056739807128906
2012-07-25,20.152496337890625
2012-07-26,20.049896240234375
2012-07-27,20.056739807128906
2012-07-30,20.41244888305664
2012-07-31,20.850244522094727
2012-08-01,20.302995681762695
2012-08-02,20.029369354248047
2012-08-03,20.65186882019043
2012-08-06,20.761323928833008
2012-08-07,20.952856063842773
2012-08-08,21.089664459228516
2012-08-09,20.843408584594727
2012-08-10,20.692913055419922
2012-08-13,20.809200286865234
2012-08-14,20.610822677612305
2012-08-15,20.645030975341797
2012-08-16,20.747636795043945
2012-08-17,21.041786193847656
2012-08-20,21.089664459228516
2012-08-21,21.137556076049805
2012-08-22,20.87761116027832
2012-08-23,20.699745178222656
2012-08-24,20.8160400390625
2012-08-27,20.67239761352539
2012-08-28,20.583467483520508
2012-08-29,20.692913055419922
2012-08-30,20.467178344726562
2012-08-31,20.43958854675293
2012-09-04,20.453386306762695
2012-09-05,20.694734573364258
2012-09-06,21.184349060058594
2012-09-07,21.363649368286133
2012-09-10,21.501569747924805
2012-09-11,21.60500717163086
2012-09-12,21.742931365966797
2012-09-13,22.101516723632812
2012-09-14,22.82558822631836
2012-09-17,22.2601261138916
2012-09-18,22.163583755493164
2012-09-19,22.25322723388672
2012-09-20,22.163583755493164
2012-09-21,22.36355209350586
2012-09-24,22.425630569458008
2012-09-25,22.108407974243164
2012-09-26,21.839462280273438
2012-09-27,21.653274536132812
2012-09-28,21.363649368286133
2012-10-01,21.473983764648438
2012-10-02,21.646387100219727
2012-10-03,21.473983764648438
2012-10-04,21.542940139770508
2012-10-05,21.653274536132812
2012-10-08,21.708438873291016
2012-10-09,21.432613372802734
2012-10-10,21.522253036499023
2012-10-11,21.60500717163086
2012-10-12,20.92230796813965
2012-10-15,21.025745391845703
2012-10-16,20.70853614807129
2012-10-17,21.067121505737305
2012-10-18,21.067121505737305
2012-10-19,20.839555740356445
2012-10-22,20.880931854248047
2012-10-23,20.85334587097168
2012-10-24,20.92230796813965
2012-10-25,21.246423721313477
2012-10-26,21.549837112426758
2012-10-31,21.784303665161133
2012-11-01,22.067033767700195
2012-11-02,21.62569808959961
2012-11-05,21.88084602355957
2012-11-06,21.929109573364258
2012-11-07,21.074026107788086
2012-11-08,20.846450805664062
2012-11-09,20.839555740356445
2012-11-12,21.198143005371094
2012-11-13,20.77749252319336
2012-11-14,20.480966567993164
2012-11-15,20.480966567993164
2012-11-16,20.68094253540039
2012-11-19,21.349855422973633
2012-11-20,21.41191864013672
2012-11-21,21.473983764648438
2012-11-23,22.067033767700195
2012-11-26,21.715343475341797
2012-11-27,21.515356063842773
2012-11-28,21.832576751708984
2012-11-29,21.929109573364258
2012-11-30,21.667072296142578
2012-12-03,21.875534057617188
2012-12-04,21.757400512695312
2012-12-05,21.97282600402832
2012-12-06,21.90333366394043
2012-12-07,21.80605125427246
2012-12-10,21.9102840423584
2012-12-11,22.118755340576172
2012-12-12,21.99367904663086
2012-12-13,21.792150497436523
2012-12-14,21.69486427307129
2012-12-17,22.042320251464844
2012-12-18,22.410619735717773
2012-12-19,22.375864028930664
2012-12-20,22.445356369018555
2012-12-21,22.236888885498047
2012-12-24,22.132659912109375
2012-12-26,22.042320251464844
2012-12-27,21.854686737060547
2012-12-28,21.80605125427246
2012-12-31,22.049264907836914
2013-01-02,22.72332000732422
2013-01-03,22.917884826660156
2013-01-04,23.168066024780273
2013-01-07,23.070777893066406
2013-01-08,22.938735961914062
2013-01-09,22.813661575317383
2013-01-10,22.890098571777344
2013-01-11,22.751121520996094
2013-01-14,22.820606231689453
2013-01-15,22.897048950195312
2013-01-16,22.94568634033203
2013-01-17,23.202800750732422
2013-01-18,22.931793212890625
2013-01-22,23.23059844970703
2013-01-23,23.09857177734375
2013-01-24,22.94568634033203
2013-01-25,21.86164093017578
2013-01-28,20.7914981842041
2013-01-29,20.85402488708496
2013-01-30,20.847082138061523
2013-01-31,20.999969482421875
2013-02-01,21.270978927612305
2013-02-04,20.84013557434082
2013-02-05,21.034706115722656
2013-02-06,21.02080726623535
2013-02-07,21.04860496520996
2013-02-08,21.382160186767578
2013-02-11,21.611482620239258
2013-02-12,21.8199520111084
2013-02-13,21.965879440307617
2013-02-14,21.8199520111084
2013-02-15,21.90333366394043
2013-02-19,21.951982498168945
2013-02-20,21.611482620239258
2013-02-21,21.264020919799805
2013-02-22,21.514188766479492
2013-02-25,20.867929458618164
2013-02-26,20.95132064819336
2013-02-27,21.06945037841797
2013-02-28,20.98606300354004
2013-03-01,21.077129364013672
2013-03-04,20.96504783630371
2013-03-05,20.866985321044922
2013-03-06,20.94403839111328
2013-03-07,21.182201385498047
2013-03-08,21.31528663635254
2013-03-11,21.39933967590332
2013-03-12,21.2452392578125
2013-03-13,21.469390869140625
2013-03-14,21.7215576171875
2013-03-15,21.79861068725586
2013-03-18,21.58846664428711
2013-03-19,21.518423080444336
2013-03-20,21.79861068725586
2013-03-21,21.581466674804688
2013-03-22,21.686534881591797
2013-03-25,21.735567092895508
2013-03-26,21.79161262512207
2013-03-27,21.686534881591797
2013-03-28,21.65852165222168
2013-04-01,21.042102813720703
2013-04-02,20.705869674682617
2013-04-03,20.341632843017578
2013-04-04,20.65684700012207
2013-04-05,20.62882423400879
2013-04-08,20.803939819335938
2013-04-09,20.44670295715332
2013-04-10,20.705869674682617
2013-04-11,20.649839401245117
2013-04-12,20.488727569580078
2013-04-15,20.005409240722656
2013-04-16,20.21554946899414
2013-04-17,19.83729362487793
2013-04-18,19.67618751525879
2013-04-19,19.816282272338867
2013-04-22,19.95637321472168
2013-04-23,20.264575958251953
2013-04-24,20.50274085998535
2013-04-25,20.691871643066406
2013-04-26,18.779586791992188
2013-04-29,18.940692901611328
2013-04-30,19.101810455322266
2013-05-01,18.74456214904785
2013-05-02,19.052764892578125
2013-05-03,19.28392791748047
2013-05-06,19.339967727661133
2013-05-07,19.781259536743164
2013-05-08,20.01241111755371
2013-05-09,19.96337890625
2013-05-10,20.054445266723633
2013-05-13,19.921348571777344
2013-05-14,19.823280334472656
2013-05-15,19.907337188720703
2013-05-16,19.80227279663086
2013-05-17,20.11747932434082
2013-05-20,20.397668838500977
2013-05-21,20.362642288208008
2013-05-22,20.054445266723633
2013-05-23,19.9283504486084
2013-05-24,19.78826141357422
2013-05-28,20.07545280456543
2013-05-29,19.87232208251953
2013-05-30,20.2575740814209
2013-05-31,19.99840545654297
2013-06-03,19.624004364013672
2013-06-04,19.6734561920166
2013-06-05,19.362634658813477
2013-06-06,19.5604305267334
2013-06-07,19.835933685302734
2013-06-10,19.970151901245117
2013-06-11,20.0478458404541
2013-06-12,19.8853759765625
2013-06-13,20.182064056396484
2013-06-14,19.814739227294922
2013-06-17,19.991334915161133
2013-06-18,20.273902893066406
2013-06-19,20.182064056396484
2013-06-20,20.182064056396484
2013-06-21,20.386926651000977
2013-06-24,20.627105712890625
2013-06-25,20.810771942138672
2013-06-26,20.85315704345703
2013-06-27,21.213424682617188
2013-06-28,21.241674423217773
2013-07-01,21.99047088623047
2013-07-02,22.216522216796875
2013-07-03,22.3648681640625
2013-07-05,22.82403564453125
2013-07-08,22.49909210205078
2013-07-09,22.63330078125
2013-07-10,22.322484970092773
2013-07-11,22.16707420349121
2013-07-12,22.3648681640625
2013-07-15,22.534399032592773
2013-07-16,22.371931076049805
2013-07-17,22.562664031982422
2013-07-18,22.929996490478516
2013-07-19,23.07127571105957
2013-07-22,23.12071990966797
2013-07-23,23.311450958251953
2013-07-24,23.586956024169922
2013-07-25,23.33971405029297
2013-07-26,23.240812301635742
2013-07-29,23.212554931640625
2013-07-30,23.19843292236328
2013-07-31,23.141916275024414
2013-08-01,23.79886817932129
2013-08-02,23.69291114807129
2013-08-05,23.805940628051758
2013-08-06,23.643468856811523
2013-08-07,23.594018936157227
2013-08-08,23.657602310180664
2013-08-09,23.657602310180664
2013-08-12,23.523374557495117
2013-08-13,23.594018936157227
2013-08-14,23.558691024780273
2013-08-15,23.283201217651367
2013-08-16,23.297325134277344
2013-08-19,23.25494384765625
2013-08-20,23.622276306152344
2013-08-21,23.290258407592773
2013-08-22,23.594018936157227
2013-08-23,23.382091522216797
2013-08-26,23.26201057434082
2013-08-27,22.929996490478516
2013-08-28,23.021825790405273
2013-08-29,23.07127571105957
2013-08-30,22.711009979248047
2013-09-03,22.547311782836914
2013-09-04,22.540189743041992
2013-09-05,22.51884651184082
2013-09-06,22.483257293701172
2013-09-09,22.725242614746094
2013-09-10,22.796409606933594
2013-09-11,22.78217887878418
2013-09-12,22.767942428588867
2013-09-13,22.767942428588867
2013-09-16,22.810646057128906
2013-09-17,22.95299530029297
2013-09-18,22.55443000793457
2013-09-19,22.248382568359375
2013-09-20,22.47614097595215
2013-09-23,22.291093826293945
2013-09-24,22.383617401123047
2013-09-25,22.283971786499023
2013-09-26,22.26974105834961
2013-09-27,22.2056827545166
2013-09-30,22.333797454833984
2013-10-01,22.35514259338379
2013-10-02,22.340913772583008
2013-10-03,22.21280860900879
2013-10-04,22.162981033325195
2013-10-07,21.928119659423828
2013-10-08,21.899642944335938
2013-10-09,21.864059448242188
2013-10-10,22.19856834411621
2013-10-11,22.839122772216797
2013-10-14,22.924522399902344
2013-10-15,22.796409606933594
2013-10-16,23.038402557373047
2013-10-17,23.088220596313477
2013-10-18,23.35867691040039
2013-10-21,23.41561508178711
2013-10-22,23.4939022064209
2013-10-23,23.38001823425293
2013-10-24,23.187862396240234
2013-10-25,23.50813102722168
2013-10-28,23.600656509399414
2013-10-29,23.5152587890625
2013-10-30,23.614892959594727
2013-10-31,23.330209732055664
2013-11-01,23.323091506958008
2013-11-04,23.372907638549805
2013-11-05,23.23768424987793
2013-11-06,23.721649169921875
2013-11-07,23.280385971069336
2013-11-08,24.19138526916504
2013-11-11,23.956512451171875
2013-11-12,23.778581619262695
2013-11-13,23.849756240844727
2013-11-14,23.807064056396484
2013-11-15,23.62912940979004
2013-11-18,23.593542098999023
2013-11-19,23.693185806274414
2013-11-20,23.771474838256836
2013-11-21,24.198509216308594
2013-11-22,24.483196258544922
2013-11-25,24.974294662475586
2013-11-26,25.066801071166992
2013-11-27,25.16644287109375
2013-11-29,25.052574157714844
2013-12-02,24.91022491455078
2013-12-03,24.630735397338867
2013-12-04,24.659395217895508
2013-12-05,24.73106575012207
2013-12-06,25.14671516418457
2013-12-09,25.12521743774414
2013-12-10,24.745393753051758
2013-12-11,24.465906143188477
2013-12-12,24.838558197021484
2013-12-13,24.953216552734375
2013-12-16,25.37602996826172
2013-12-17,25.182540893554688
2013-12-18,25.6555233001709
2013-12-19,25.440532684326172
2013-12-20,25.856185913085938
2013-12-23,26.293325424194336
2013-12-24,26.336322784423828
2013-12-26,26.314836502075195
2013-12-27,26.28616714477539
2013-12-30,26.200170516967773
2013-12-31,26.28616714477539
2014-01-02,25.949359893798828
2014-01-03,25.906347274780273
2014-01-06,25.605363845825195
2014-01-07,25.849016189575195
2014-01-08,26.257497787475586
2014-01-09,26.472488403320312
2014-01-10,26.178667068481445
2014-01-13,25.86334800720215
2014-01-14,26.00667381286621
2014-01-15,26.26465606689453
2014-01-16,26.11417579650879
2014-01-17,26.164337158203125
2014-01-21,26.622976303100586
2014-01-22,26.579978942871094
2014-01-23,26.09984016418457
2014-01-24,25.641197204589844
2014-01-27,25.311538696289062
2014-01-28,25.411855697631836
2014-01-29,25.15387725830078
2014-01-30,25.361703872680664
2014-01-31,24.795564651489258
2014-02-03,23.62027931213379
2014-02-04,24.186424255371094
2014-02-05,24.258079528808594
2014-02-06,24.258079528808594
2014-02-07,24.22941780090332
2014-02-10,24.322587966918945
2014-02-11,24.66657257080078
2014-02-12,24.59490966796875
2014-02-13,24.795564651489258
2014-02-14,24.996217727661133
2014-02-18,24.766897201538086
2014-02-19,24.150592803955078
2014-02-20,24.086084365844727
2014-02-21,24.13625717163086
2014-02-24,24.437244415283203
2014-02-25,24.086084365844727
2014-02-26,24.315420150756836
2014-02-27,24.537580490112305
2014-02-28,24.695232391357422
2014-03-03,24.60141944885254
2014-03-04,25.27256965637207
2014-03-05,25.294208526611328
2014-03-06,25.55400276184082
2014-03-07,25.907625198364258
2014-03-10,25.914838790893555
2014-03-11,25.929283142089844
2014-03-12,25.857112884521484
2014-03-13,26.023088455200195
2014-03-14,26.167415618896484
2014-03-17,26.326183319091797
2014-03-18,26.5643367767334
2014-03-19,26.65814971923828
2014-03-20,27.242698669433594
2014-03-21,27.192174911499023
2014-03-24,27.040634155273438
2014-03-25,27.098373413085938
2014-03-26,26.723106384277344
2014-03-27,26.109691619873047
2014-03-28,26.116905212402344
2014-03-31,26.448869705200195
2014-04-01,27.004547119140625
2014-04-02,26.9901180267334
2014-04-03,27.10557746887207
2014-04-04,26.225160598754883
2014-04-07,25.97978973388672
2014-04-08,25.87154769897461
2014-04-09,25.864322662353516
2014-04-10,25.20039939880371
2014-04-11,25.05606460571289
2014-04-14,25.019975662231445
2014-04-15,25.214832305908203
2014-04-16,25.402469635009766
2014-04-17,25.719993591308594
2014-04-21,25.452985763549805
2014-04-22,25.640609741210938
2014-04-23,25.618961334228516
2014-04-24,25.034414291381836
2014-04-25,24.637496948242188
2014-04-28,24.392139434814453
2014-04-29,24.255020141601562
2014-04-30,24.34161949157715
2014-05-01,24.168420791625977
2014-05-02,24.27667236328125
2014-05-05,24.067392349243164
2014-05-06,23.793163299560547
2014-05-07,24.08182716369629
2014-05-08,24.01687240600586
2014-05-09,24.348840713500977
2014-05-12,24.78183364868164
2014-05-13,24.46430778503418
2014-05-14,24.103473663330078
2014-05-15,23.583885192871094
2014-05-16,23.389026641845703
2014-05-19,23.93027687072754
2014-05-20,23.540578842163086
2014-05-21,23.843677520751953
2014-05-22,23.894195556640625
2014-05-23,24.11790657043457
2014-05-27,24.370487213134766
2014-05-28,24.15399932861328
2014-05-29,24.247812271118164
2014-05-30,24.377708435058594
2014-06-02,24.72410011291504
2014-06-03,24.7677059173584
2014-06-04,24.586021423339844
2014-06-05,25.14562225341797
2014-06-06,25.370906829833984
2014-06-09,25.70522117614746
2014-06-10,25.603471755981445
2014-06-11,25.421789169311523
2014-06-12,25.349105834960938
2014-06-13,25.349105834960938
2014-06-16,25.029329299926758
2014-06-17,25.450857162475586
2014-06-18,25.55260467529297
2014-06-19,25.407257080078125
2014-06-20,25.290964126586914
2014-06-23,25.167417526245117
2014-06-24,25.123817443847656
2014-06-25,25.341840744018555
2014-06-26,25.47992515563965
2014-06-27,25.68341827392578
2014-06-30,25.66887855529785
2014-07-01,26.10492706298828
2014-07-02,25.63254737854004
2014-07-03,26.126731872558594
2014-07-07,25.843299865722656
2014-07-08,25.4726505279541
2014-07-09,25.55260467529297
2014-07-10,25.1746883392334
2014-07-11,25.131086349487305
2014-07-14,25.138341903686523
2014-07-15,25.429052352905273
2014-07-16,25.058408737182617
2014-07-17,24.418872833251953
2014-07-18,24.7386417388916
2014-07-21,24.615089416503906
2014-07-22,24.498809814453125
2014-07-23,24.44793701171875
2014-07-24,24.658689498901367
2014-07-25,24.32439613342285
2014-07-28,23.95374870300293
2014-07-29,23.93194007873535
2014-07-30,24.099096298217773
2014-07-31,23.575836181640625
2014-08-01,23.365076065063477
2014-08-04,23.568565368652344
2014-08-05,23.524961471557617
2014-08-06,23.70665168762207
2014-08-07,23.488624572753906
2014-08-08,23.597640991210938
2014-08-11,23.55402946472168
2014-08-12,23.55402946472168
2014-08-13,23.750261306762695
2014-08-14,23.72118377685547
2014-08-15,23.55402946472168
2014-08-18,23.772058486938477
2014-08-19,23.779325485229492
2014-08-20,23.793859481811523
2014-08-21,24.07729721069336
2014-08-22,24.048229217529297
2014-08-25,24.20083999633789
2014-08-26,24.462465286254883
2014-08-27,24.14996910095215
2014-08-28,23.92467498779297
2014-08-29,24.157241821289062
2014-09-02,24.47700309753418
2014-09-03,24.25741958618164
2014-09-04,24.111024856567383
2014-09-05,24.19886016845703
2014-09-08,24.184223175048828
2014-09-09,23.774322509765625
2014-09-10,24.272056579589844
2014-09-11,24.469688415527344
2014-09-12,24.455047607421875
2014-09-15,24.12566375732422
2014-09-16,24.089065551757812
2014-09-17,24.30865478515625
2014-09-18,24.996706008911133
2014-09-19,24.799076080322266
2014-09-22,24.49897003173828
2014-09-23,23.957313537597656
2014-09-24,23.97926902770996
2014-09-25,23.65720558166504
2014-09-26,23.840190887451172
2014-09-29,23.76700210571289
2014-09-30,23.459571838378906
2014-10-01,23.181428909301758
2014-10-02,23.481536865234375
2014-10-03,23.67916488647461
2014-10-06,23.444934844970703
2014-10-07,23.0350284576416
2014-10-08,23.584007263183594
2014-10-09,22.903276443481445
2014-10-10,22.698322296142578
2014-10-13,22.83739471435547
2014-10-14,23.14483070373535
2014-10-15,22.68368911743164
2014-10-16,23.056987762451172
2014-10-17,22.96183204650879
2014-10-20,23.152143478393555
2014-10-21,23.78164291381836
2014-10-22,23.70844268798828
2014-10-23,24.05978012084961
2014-10-24,24.09638214111328
2014-10-27,24.44773292541504
2014-10-28,25.121143341064453
2014-10-29,25.36269760131836
2014-10-30,25.428569793701172
2014-10-31,25.757949829101562
2014-11-03,25.413928985595703
2014-11-04,25.194339752197266
2014-11-05,25.35536766052246
2014-11-06,25.377323150634766
2014-11-07,25.501766204833984
2014-11-10,25.787229537963867
2014-11-11,25.82382583618164
2014-11-12,26.080018997192383
2014-11-13,25.61887550354004
2014-11-14,25.51639747619629
2014-11-17,25.252885818481445
2014-11-18,25.304134368896484
2014-11-19,24.967426300048828
2014-11-20,25.157733917236328
2014-11-21,24.7844295501709
2014-11-24,25.150421142578125
2014-11-25,25.230937957763672
2014-11-26,25.230937957763672
2014-11-28,23.942672729492188
2014-12-01,23.064311981201172
2014-12-02,23.496166229248047
2014-12-03,23.636289596557617
2014-12-04,23.510923385620117
2014-12-05,23.59942054748535
2014-12-08,23.053680419921875
2014-12-09,23.156932830810547
2014-12-10,22.19082260131836
2014-12-11,22.286697387695312
2014-12-12,21.681962966918945
2014-12-15,21.468097686767578
2014-12-16,21.527090072631836
2014-12-17,22.072832107543945
2014-12-18,22.67756462097168
2014-12-19,22.493192672729492
2014-12-22,22.552196502685547
2014-12-23,22.861934661865234
2014-12-24,22.5964412689209
2014-12-26,22.603816986083984
2014-12-29,22.92831039428711
2014-12-30,22.839807510375977
2014-12-31,22.640689849853516
2015-01-02,22.4710693359375
2015-01-05,21.22472381591797
2015-01-06,20.60524559020996
2015-01-07,20.465120315551758
2015-01-08,20.914987564086914
2015-01-09,19.985759735107422
2015-01-12,19.211400985717773
2015-01-13,19.20402717590332
2015-01-14,18.886905670166016
2015-01-15,18.76153564453125
2015-01-16,19.07866096496582
2015-01-20,18.798416137695312
2015-01-21,18.577163696289062
2015-01-22,19.174522399902344
2015-01-23,19.108150482177734
2015-01-26,19.45476722717285
2015-01-27,19.425268173217773
2015-01-28,18.901655197143555
2015-01-29,19.20402717590332
2015-01-30,19.255653381347656
2015-02-02,20.302873611450195
2015-02-03,21.379596710205078
2015-02-04,21.025604248046875
2015-02-05,21.659839630126953
2015-02-06,22.566946029663086
2015-02-09,22.478445053100586
2015-02-10,21.814706802368164
2015-02-11,21.460723876953125
2015-02-12,22.146577835083008
2015-02-13,21.932706832885742
2015-02-17,22.24982261657715
2015-02-18,21.578716278076172
2015-02-19,21.593473434448242
2015-02-20,21.681962966918945
2015-02-23,21.497596740722656
2015-02-24,21.940086364746094
2015-02-25,21.92532730102539
2015-02-26,21.80733299255371
2015-02-27,21.58609962463379
2015-03-02,21.777841567993164
2015-03-03,21.852191925048828
2015-03-04,21.569650650024414
2015-03-05,22.127294540405273
2015-03-06,22.14960479736328
2015-03-09,22.573408126831055
2015-03-10,22.030637741088867
2015-03-11,22.45444679260254
2015-03-12,23.1013126373291
2015-03-13,22.580842971801758
2015-03-16,22.216516494750977
2015-03-17,22.36522102355957
2015-03-18,21.993457794189453
2015-03-19,21.339160919189453
2015-03-20,21.978588104248047
2015-03-23,22.067813873291016
2015-03-24,22.00833511352539
2015-03-25,21.651439666748047
2015-03-26,21.770402908325195
2015-03-27,21.651439666748047
2015-03-30,22.2685604095459
2015-03-31,22.201650619506836
2015-04-01,22.223949432373047
2015-04-02,22.36522102355957
2015-04-06,22.4395751953125
2015-04-07,22.36522102355957
2015-04-08,22.491621017456055
2015-04-09,22.59571075439453
2015-04-10,22.052946090698242
2015-04-13,22.469310760498047
2015-04-14,22.387527465820312
2015-04-15,23.1013126373291
2015-04-16,22.781597137451172
2015-04-17,22.283435821533203
2015-04-20,22.424705505371094
2015-04-21,22.142168045043945
2015-04-22,22.32805061340332
2015-04-23,22.1124267578125
2015-04-24,21.510173797607422
2015-04-27,21.041748046875
2015-04-28,21.37633514404297
2015-04-29,21.510173797607422
2015-04-30,21.644004821777344
2015-05-01,21.428380966186523
2015-05-04,21.725793838500977
2015-05-05,21.629133224487305
2015-05-06,22.07525062561035
2015-05-07,21.829879760742188
2015-05-08,21.926542282104492
2015-05-11,21.948850631713867
2015-05-12,22.15703582763672
2015-05-13,22.194211959838867
2015-05-14,22.104978561401367
2015-05-15,21.599395751953125
2015-05-18,22.127294540405273
2015-05-19,22.1124267578125
2015-05-20,21.926542282104492
2015-05-21,22.07525062561035
2015-05-22,22.082679748535156
2015-05-26,21.76296615600586
2015-05-27,21.971147537231445
2015-05-28,21.9414119720459
2015-05-29,21.65887451171875
2015-06-01,21.458127975463867
2015-06-02,22.038070678710938
2015-06-03,22.862625122070312
2015-06-04,22.615251541137695
2015-06-05,23.2748966217041
2015-06-08,23.08750343322754
2015-06-09,23.32737159729004
2015-06-10,24.106952667236328
2015-06-11,24.23438262939453
2015-06-12,24.129436492919922
2015-06-15,23.994508743286133
2015-06-16,24.08446502685547
2015-06-17,23.597225189208984
2015-06-18,23.91205406188965
2015-06-19,23.829599380493164
2015-06-22,24.339332580566406
2015-06-23,24.534217834472656
2015-06-24,24.3618106842041
2015-06-25,24.38429832458496
2015-06-26,24.50423812866211
2015-06-29,23.889572143554688
2015-06-30,23.919546127319336
2015-07-01,24.136934280395508
2015-07-02,23.499784469604492
2015-07-06,23.162466049194336
2015-07-07,22.39787483215332
2015-07-08,21.88065528869629
2015-07-09,22.2254638671875
2015-07-10,22.495325088500977
2015-07-13,22.997554779052734
2015-07-14,23.005046844482422
2015-07-15,23.08750343322754
2015-07-16,22.92259407043457
2015-07-17,21.708248138427734
2015-07-20,21.81319236755371
2015-07-21,21.58831214904785
2015-07-22,21.805696487426758
2015-07-23,21.213516235351562
2015-07-24,21.468379974365234
2015-07-27,21.258495330810547
2015-07-28,21.47587776184082
2015-07-29,21.738239288330078
2015-07-30,21.81319236755371
2015-07-31,21.903146743774414
2015-08-03,21.783206939697266
2015-08-04,21.715744018554688
2015-08-05,21.933128356933594
2015-08-06,21.850671768188477
2015-08-07,21.738239288330078
2015-08-10,22.202980041503906
2015-08-11,21.58831214904785
2015-08-12,21.348447799682617
2015-08-13,21.460886001586914
2015-08-14,21.835681915283203
2015-08-17,21.850671768188477
2015-08-18,21.460886001586914
2015-08-19,21.03361701965332
2015-08-20,20.35898208618164
2015-08-21,20.141597747802734
2015-08-24,19.024702072143555
2015-08-25,18.987218856811523
2015-08-26,19.78179359436035
2015-08-27,20.426441192626953
2015-08-28,20.53888511657715
2015-08-31,21.04860496520996
2015-09-01,19.96169090270996
2015-09-02,20.377721786499023
2015-09-03,20.627338409423828
2015-09-04,20.566822052001953
2015-09-08,21.096311569213867
2015-09-09,20.816438674926758
2015-09-10,21.073617935180664
2015-09-11,20.801311492919922
2015-09-14,20.97528076171875
2015-09-15,21.202213287353516
2015-09-16,21.376184463500977
2015-09-17,20.899648666381836
2015-09-18,20.407974243164062
2015-09-21,20.687854766845703
2015-09-22,20.491188049316406
2015-09-23,20.347463607788086
2015-09-24,20.604644775390625
2015-09-25,20.551698684692383
2015-09-28,20.30208396911621
2015-09-29,20.23400115966797
2015-09-30,20.460927963256836
2015-10-01,20.498748779296875
2015-10-02,20.31721305847168
2015-10-05,20.778621673583984
2015-10-06,20.778621673583984
2015-10-07,21.164384841918945
2015-10-08,21.21733856201172
2015-10-09,21.073617935180664
2015-10-12,21.1038761138916
2015-10-13,20.793746948242188
2015-10-14,20.218873977661133
2015-10-15,20.581951141357422
2015-10-16,20.256698608398438
2015-10-19,20.30964469909668
2015-10-20,20.551698684692383
2015-10-21,20.0146427154541
2015-10-22,20.279390335083008
2015-10-23,20.468488693237305
2015-10-26,20.377721786499023
2015-10-27,20.158361434936523
2015-10-28,21.058490753173828
2015-10-29,21.156824111938477
2015-10-30,20.876951217651367
2015-11-02,21.482078552246094
2015-11-03,21.754390716552734
2015-11-04,21.845157623291016
2015-11-05,22.268754959106445
2015-11-06,22.767974853515625
2015-11-09,22.63182830810547
2015-11-10,22.96464729309082
2015-11-11,22.50324058532715
2015-11-12,21.7695255279541
2015-11-13,21.398876190185547
2015-11-16,21.754390716552734
2015-11-17,21.67875099182129
2015-11-18,21.93593406677246
2015-11-19,21.731700897216797
2015-11-20,21.860288619995117
2015-11-23,21.93593406677246
2015-11-24,22.223363876342773
2015-11-25,22.193113327026367
2015-11-27,22.04183006286621
2015-11-30,22.026700973510742
2015-12-01,22.019134521484375
2015-12-02,21.256431579589844
2015-12-03,21.111515045166016
2015-12-04,21.065753936767578
2015-12-07,20.226791381835938
2015-12-08,19.425954818725586
2015-12-09,19.23527717590332
2015-12-10,19.517478942871094
2015-12-11,19.128503799438477
2015-12-14,18.754783630371094
2015-12-15,18.701385498046875
2015-12-16,18.99121856689453
2015-12-17,18.365802764892578
2015-12-18,18.342920303344727
2015-12-21,18.533599853515625
2015-12-22,18.892065048217773
2015-12-23,19.281038284301758
2015-12-24,19.273418426513672
2015-12-28,19.23527717590332
2015-12-29,19.403076171875
2015-12-30,19.303918838500977
2015-12-31,19.197141647338867
2016-01-04,18.99121856689453
2016-01-05,19.204774856567383
2016-01-06,18.831050872802734
2016-01-07,18.403934478759766
2016-01-08,18.014963150024414
2016-01-11,17.885303497314453
2016-01-12,17.648866653442383
2016-01-13,16.74888038635254
2016-01-14,17.0844669342041
2016-01-15,16.64972686767578
2016-01-19,16.466684341430664
2016-01-20,16.14634895324707
2016-01-21,15.917542457580566
2016-01-22,17.00057029724121
2016-01-25,16.077707290649414
2016-01-26,16.924293518066406
2016-01-27,17.09971809387207
2016-01-28,17.793779373168945
2016-01-29,18.274276733398438
2016-02-01,18.114112854003906
2016-02-02,17.64124298095703
2016-02-03,17.984460830688477
2016-02-04,18.075977325439453
2016-02-05,17.915809631347656
2016-02-08,17.53446388244629
2016-02-09,17.389545440673828
2016-02-10,17.49633026123047
2016-02-11,16.825149536132812
2016-02-12,17.885303497314453
2016-02-16,18.35817527770996
2016-02-17,18.20564079284668
2016-02-18,17.892932891845703
2016-02-19,17.854793548583984
2016-02-22,18.327672958374023
2016-02-23,17.618358612060547
2016-02-24,17.488698959350586
2016-02-25,17.32090187072754
2016-02-26,18.0683536529541
2016-02-29,17.595476150512695
2016-03-01,18.175125122070312
2016-03-02,19.11508560180664
2016-03-03,19.261474609375
2016-03-04,19.64670753479004
2016-03-07,19.723751068115234
2016-03-08,19.23065948486328
2016-03-09,18.799203872680664
2016-03-10,18.98410987854004
2016-03-11,19.492610931396484
2016-03-14,19.377044677734375
2016-03-15,18.652809143066406
2016-03-16,18.35233497619629
2016-03-17,18.92247200012207
2016-03-18,19.076562881469727
2016-03-21,18.745269775390625
2016-03-22,18.776086807250977
2016-03-23,18.282989501953125
2016-03-24,18.313810348510742
2016-03-28,18.24447250366211
2016-03-29,17.604984283447266
2016-03-30,17.62040138244629
2016-03-31,17.68973731994629
2016-04-01,17.48171615600586
2016-04-04,17.520233154296875
2016-04-05,17.312211990356445
2016-04-06,17.45859718322754
2016-04-07,16.97321128845215
2016-04-08,17.17353057861328
2016-04-11,17.435487747192383
2016-04-12,17.943986892700195
2016-04-13,18.90706443786621
2016-04-14,19.084274291992188
2016-04-15,18.999523162841797
2016-04-18,19.130502700805664
2016-04-19,19.4617919921875
2016-04-20,20.178321838378906
2016-04-21,19.854726791381836
2016-04-22,20.101276397705078
2016-04-25,19.90095329284668
2016-04-26,20.062753677368164
2016-04-27,20.031938552856445
2016-04-28,20.024229049682617
2016-04-29,20.00882339477539
2016-05-02,19.931777954101562
2016-05-03,19.330814361572266
2016-05-04,18.98410987854004
2016-05-05,18.822311401367188
2016-05-06,18.937885284423828
2016-05-09,19.215246200561523
2016-05-10,19.723751068115234
2016-05-11,19.731454849243164
2016-05-12,19.746858596801758
2016-05-13,19.22295379638672
2016-05-16,19.662118911743164
2016-05-17,19.508020401000977
2016-05-18,20.409456253051758
2016-05-19,20.047346115112305
2016-05-20,20.44028091430664
2016-05-23,20.232254028320312
2016-05-24,20.74846076965332
2016-05-25,21.141395568847656
2016-05-26,21.102874755859375
2016-05-27,21.1876277923584
2016-05-31,21.179920196533203
2016-06-01,20.94877815246582
2016-06-02,20.832178115844727
2016-06-03,20.28028678894043
2016-06-06,20.67671775817871
2016-06-07,20.723352432250977
2016-06-08,20.80109214782715
2016-06-09,20.67671775817871
2016-06-10,20.326923370361328
2016-06-13,19.930492401123047
2016-06-14,19.456323623657227
2016-06-15,19.90717124938965
2016-06-16,19.88385009765625
2016-06-17,20.16368293762207
2016-06-20,20.350244522094727
2016-06-21,20.233646392822266
2016-06-22,20.365795135498047
2016-06-23,21.1275634765625
2016-06-24,19.557376861572266
2016-06-27,18.56241226196289
2016-06-28,19.207578659057617
2016-06-29,19.829439163208008
2016-06-30,20.295835494995117
2016-07-01,20.00822639465332
2016-07-05,19.378589630126953
2016-07-06,19.557376861572266
2016-07-07,19.90717124938965
2016-07-08,20.373565673828125
2016-07-11,20.723352432250977
2016-07-12,21.321895599365234
2016-07-13,21.19752311706543
2016-07-14,21.508451461791992
2016-07-15,21.593961715698242
2016-07-18,21.47736167907715
2016-07-19,21.84269905090332
2016-07-20,21.617277145385742
2016-07-21,22.853212356567383
2016-07-22,23.265195846557617
2016-07-25,22.96981430053711
2016-07-26,23.1563720703125
2016-07-27,23.10196304321289
2016-07-28,22.954273223876953
2016-07-29,22.53451919555664
2016-08-01,22.083663940429688
2016-08-02,21.93597984313965
2016-08-03,22.262449264526367
2016-08-04,22.371280670166016
2016-08-05,23.50617027282715
2016-08-08,23.614992141723633
2016-08-09,23.832639694213867
2016-08-10,23.467296600341797
2016-08-11,23.53725814819336
2016-08-12,23.622758865356445
2016-08-15,23.879274368286133
2016-08-16,23.941463470458984
2016-08-17,24.361217498779297
2016-08-18,24.493358612060547
2016-08-19,24.361217498779297
2016-08-22,24.376766204833984
2016-08-23,24.446720123291016
2016-08-24,24.45449447631836
2016-08-25,24.609960556030273
2016-08-26,24.76542091369629
2016-08-29,25.138538360595703
2016-08-30,25.247364044189453
2016-08-31,25.363962173461914
2016-09-01,25.121206283569336
2016-09-02,25.520572662353516
2016-09-06,25.301319122314453
2016-09-07,25.48925018310547
2016-09-08,25.66936492919922
2016-09-09,25.324806213378906
2016-09-12,25.262157440185547
2016-09-13,25.082056045532227
2016-09-14,25.019407272338867
2016-09-15,25.105548858642578
2016-09-16,24.776653289794922
2016-09-19,24.7609920501709
2016-09-20,24.58871078491211
2016-09-21,24.74532699584961
2016-09-22,25.09770965576172
2016-09-23,25.027236938476562
2016-09-26,24.47907829284668
2016-09-27,24.69834327697754
2016-09-28,25.09770965576172
2016-09-29,24.80014419555664
2016-09-30,25.395282745361328
2016-10-03,25.223011016845703
2016-10-04,25.152528762817383
2016-10-05,25.888626098632812
2016-10-06,25.74767303466797
2016-10-07,25.653697967529297
2016-10-10,25.943445205688477
2016-10-11,25.865137100219727
2016-10-12,25.935598373413086
2016-10-13,25.136857986450195
2016-10-14,25.418771743774414
2016-10-17,25.121206283569336
2016-10-18,25.277820587158203
2016-10-19,26.38196563720703
2016-10-20,26.29583168029785
2016-10-21,26.2723331451416
2016-10-24,26.53857421875
2016-10-25,26.334985733032227
2016-10-26,26.178369522094727
2016-10-27,26.241004943847656
2016-10-28,26.045238494873047
2016-10-31,26.2723331451416
2016-11-01,26.03740882873535
2016-11-02,25.293481826782227
2016-11-03,25.332639694213867
2016-11-04,25.25433349609375
2016-11-07,26.624713897705078
2016-11-08,26.624713897705078
2016-11-09,28.34749412536621
2016-11-10,29.36549186706543
2016-11-11,29.796186447143555
2016-11-14,30.61842155456543
2016-11-15,31.049116134643555
2016-11-16,30.57926368713379
2016-11-17,31.385854721069336
2016-11-18,32.06713104248047
2016-11-21,32.14543533325195
2016-11-22,32.30204772949219
2016-11-23,32.69359588623047
2016-11-25,32.41950225830078
2016-11-28,31.44066619873047
2016-11-29,31.16657829284668
2016-11-30,32.5369758605957
2016-12-01,33.0804328918457
2016-12-02,32.64723205566406
2016-12-05,33.59239959716797
2016-12-06,34.57693099975586
2016-12-07,34.734466552734375
2016-12-08,35.60085678100586
2016-12-09,35.67961883544922
2016-12-12,34.65570068359375
2016-12-13,33.67115783691406
2016-12-14,33.04104995727539
2016-12-15,33.04104995727539
2016-12-16,32.80476379394531
2016-12-19,33.27734375
2016-12-20,33.94682693481445
2016-12-21,33.94682693481445
2016-12-22,34.38001251220703
2016-12-23,34.301265716552734
2016-12-27,34.65570068359375
2016-12-28,34.34064865112305
2016-12-29,33.98622131347656
2016-12-30,33.94682693481445
2017-01-03,34.77384567260742
2017-01-04,35.285804748535156
2017-01-05,34.616329193115234
2017-01-06,34.616329193115234
2017-01-09,34.064971923828125
2017-01-10,34.69508743286133
2017-01-11,34.85261154174805
2017-01-12,34.18312454223633
2017-01-13,34.85261154174805
2017-01-17,33.6553955078125
2017-01-18,35.04951095581055
2017-01-19,35.285804748535156
2017-01-20,35.285804748535156
2017-01-23,35.325172424316406
2017-01-24,35.9159049987793
2017-01-25,36.3491096496582
2017-01-26,36.50662612915039
2017-01-27,35.994667053222656
2017-01-30,35.994667053222656
2017-01-31,36.1128044128418
2017-02-01,35.955284118652344
2017-02-02,35.48270797729492
2017-02-03,36.58539581298828
2017-02-06,36.1128044128418
2017-02-07,36.15219497680664
2017-02-08,35.5220832824707
2017-02-09,35.994667053222656
2017-02-10,36.07343673706055
2017-02-13,36.5460090637207
2017-02-14,36.939815521240234
2017-02-15,36.939815521240234
2017-02-16,37.01858901977539
2017-02-17,36.86106491088867
2017-02-21,37.13673400878906
2017-02-22,37.373016357421875
2017-02-23,37.49117660522461
2017-02-24,37.25486373901367
2017-02-27,37.92436218261719
2017-02-28,37.373016357421875
2017-03-01,38.67259979248047
2017-03-02,37.16083908081055
2017-03-03,37.517024993896484
2017-03-06,37.319149017333984
2017-03-07,37.279571533203125
2017-03-08,36.60679244995117
2017-03-09,36.68595886230469
2017-03-10,36.329769134521484
2017-03-13,36.60679244995117
2017-03-14,36.44849395751953
2017-03-15,36.56722640991211
2017-03-16,37.517024993896484
2017-03-17,37.517024993896484
2017-03-20,36.88383102416992
2017-03-21,34.271873474121094
2017-03-22,34.073997497558594
2017-03-23,34.271873474121094
2017-03-24,34.4301872253418
2017-03-27,34.50933074951172
2017-03-28,35.14252853393555
2017-03-29,35.063377380371094
2017-03-30,36.52765655517578
2017-03-31,36.05275344848633
2017-04-03,35.736148834228516
2017-04-04,36.05275344848633
2017-04-05,35.0238037109375
2017-04-06,35.69657516479492
2017-04-07,35.81529235839844
2017-04-10,35.49869155883789
2017-04-11,35.65699768066406
2017-04-12,35.10295104980469
2017-04-13,34.03443145751953
2017-04-17,35.063377380371094
2017-04-18,35.0238037109375
2017-04-19,35.45912551879883
2017-04-20,36.44849395751953
2017-04-21,36.488075256347656
2017-04-24,37.55659484863281
2017-04-25,37.635746002197266
2017-04-26,38.15022659301758
2017-04-27,37.35871505737305
2017-04-28,36.96296691894531
2017-05-01,38.807159423828125
2017-05-02,38.15022659301758
2017-05-03,38.38767623901367
2017-05-04,38.38767623901367
2017-05-05,38.229373931884766
2017-05-08,38.18980026245117
2017-05-09,37.635746002197266
2017-05-10,37.91276931762695
2017-05-11,37.23999786376953
2017-05-12,37.55659484863281
2017-05-15,38.30851364135742
2017-05-16,38.38767623901367
2017-05-17,36.21104049682617
2017-05-18,36.84424591064453
2017-05-19,37.20042037963867
2017-05-22,37.3983039855957
2017-05-23,38.031494140625
2017-05-24,37.873191833496094
2017-05-25,37.596168518066406
2017-05-26,37.12127685546875
2017-05-30,36.84424591064453
2017-05-31,36.56722640991211
2017-06-01,37.63336181640625
2017-06-02,37.4344596862793
2017-06-05,37.4344596862793
2017-06-06,37.15599060058594
2017-06-07,37.315120697021484
2017-06-08,38.747257232666016
2017-06-09,40.21916961669922
2017-06-12,39.90092086791992
2017-06-13,39.38376235961914
2017-06-14,39.3041877746582
2017-06-15,39.184852600097656
2017-06-16,38.70746612548828
2017-06-19,39.065494537353516
2017-06-20,37.67314910888672
2017-06-21,36.758174896240234
2017-06-22,36.63882064819336
2017-06-23,36.55926513671875
2017-06-26,36.837738037109375
2017-06-27,37.07643127441406
2017-06-28,37.911834716796875
2017-06-29,38.82681655883789
2017-06-30,38.98593521118164
2017-07-03,39.7020149230957
2017-07-05,39.821346282958984
2017-07-06,39.34397888183594
2017-07-07,39.6622200012207
2017-07-10,39.50310516357422
2017-07-11,39.6622200012207
2017-07-12,39.741798400878906
2017-07-13,39.94070816040039
2017-07-14,39.821346282958984
2017-07-17,39.6224479675293
2017-07-18,39.58265686035156
2017-07-19,36.99686050415039
2017-07-20,37.15599060058594
2017-07-21,36.79795837402344
2017-07-24,37.15599060058594
2017-07-25,37.79248809814453
2017-07-26,36.99686050415039
2017-07-27,37.116207122802734
2017-07-28,36.79795837402344
2017-07-31,36.59905242919922
2017-08-01,36.79795837402344
2017-08-02,36.758174896240234
2017-08-03,36.32058334350586
2017-08-04,36.758174896240234
2017-08-07,36.59905242919922
2017-08-08,36.59905242919922
2017-08-09,35.882965087890625
2017-08-10,34.649749755859375
2017-08-11,34.49062728881836
2017-08-14,35.326045989990234
2017-08-15,34.80888366699219
2017-08-16,34.530399322509766
2017-08-17,34.212158203125
2017-08-18,34.570186614990234
2017-08-21,35.04757308959961
2017-08-22,34.88844299316406
2017-08-23,34.84865951538086
2017-08-24,35.04757308959961
2017-08-25,35.365806579589844
2017-08-28,35.16691589355469
2017-08-29,34.76908874511719
2017-08-30,35.04757308959961
2017-08-31,35.159568786621094
2017-09-01,35.47955322265625
2017-09-05,33.95957946777344
2017-09-06,33.999568939208984
2017-09-07,32.9595947265625
2017-09-08,33.47958755493164
2017-09-11,34.43956756591797
2017-09-12,35.07957077026367
2017-09-13,35.159568786621094
2017-09-14,34.79956817626953
2017-09-15,34.95956039428711
2017-09-18,35.879554748535156
2017-09-19,36.07954025268555
2017-09-20,36.35954284667969
2017-09-21,36.55954360961914
2017-09-22,36.759544372558594
2017-09-25,36.87955093383789
2017-09-26,37.15953826904297
2017-09-27,38.51952362060547
2017-09-28,38.759517669677734
2017-09-29,38.759517669677734
2017-10-02,39.399505615234375
2017-10-03,39.319515228271484
2017-10-04,38.83952331542969
2017-10-05,38.999515533447266
2017-10-06,38.91950988769531
2017-10-09,39.039527893066406
2017-10-10,39.35950469970703
2017-10-11,39.23950958251953
2017-10-12,39.039527893066406
2017-10-13,38.51952362060547
2017-10-16,39.19951629638672
2017-10-17,38.63951873779297
2017-10-18,39.319515228271484
2017-10-19,40.4795036315918
2017-10-20,40.35950469970703
2017-10-23,39.679508209228516
2017-10-24,40.03950500488281
2017-10-25,39.59951400756836
2017-10-26,40.15951919555664
2017-10-27,40.23949432373047
2017-10-30,39.15951919555664
2017-10-31,38.999515533447266
2017-11-01,38.83952331542969
2017-11-02,39.399505615234375
2017-11-03,39.19951629638672
2017-11-06,38.91950988769531
2017-11-07,37.839534759521484
2017-11-08,37.799522399902344
2017-11-09,37.35953903198242
2017-11-10,37.67953872680664
2017-11-13,38.479522705078125
2017-11-14,38.55953598022461
2017-11-15,38.71952819824219
2017-11-16,38.63951873779297
2017-11-17,38.83952331542969
2017-11-20,39.35950469970703
2017-11-21,39.59951400756836
2017-11-22,39.19951629638672
2017-11-24,39.039527893066406
2017-11-27,39.07951354980469
2017-11-28,40.519500732421875
2017-11-29,41.95948028564453
2017-11-30,41.07948684692383
2017-12-01,41.119483947753906
2017-12-04,41.1114616394043
2017-12-05,40.26751708984375
2017-12-06,40.10678482055664
2017-12-07,40.54883575439453
2017-12-08,40.26751708984375
2017-12-11,39.54414367675781
2017-12-12,39.94602966308594
2017-12-13,39.825462341308594
2017-12-14,39.10208511352539
2017-12-15,40.18714904785156
2017-12-18,40.789955139160156
2017-12-19,40.789955139160156
2017-12-20,40.7095832824707
2017-12-21,41.23201370239258
2017-12-22,40.789955139160156
2017-12-26,40.54883575439453
2017-12-27,40.38808059692383
2017-12-28,40.54883575439453
2017-12-29,39.7852783203125
2018-01-02,40.26751708984375
2018-01-03,40.26751708984375
2018-01-04,40.669395446777344
2018-01-05,41.23201370239258
2018-01-08,41.51332473754883
2018-01-09,41.79463577270508
2018-01-10,42.67875289916992
2018-01-11,43.321746826171875
2018-01-12,43.2011833190918
2018-01-16,43.04043197631836
2018-01-17,43.7638053894043
2018-01-18,44.889041900634766
2018-01-19,45.0899658203125
2018-01-22,44.929222106933594
2018-01-23,44.60773849487305
2018-01-24,44.00492858886719
2018-01-25,44.16566848754883
2018-01-26,44.366615295410156
2018-01-29,43.96474075317383
2018-01-30,43.402122497558594
2018-01-31,43.1609992980957
2018-02-01,44.04510498046875
2018-02-02,43.68342590332031
2018-02-05,41.995574951171875
2018-02-06,42.67875289916992
2018-02-07,42.91987609863281
2018-02-08,41.05519485473633
2018-02-09,41.71426010131836
2018-02-12,41.55351638793945
2018-02-13,41.79463577270508
2018-02-14,42.839500427246094
2018-02-15,42.960060119628906
2018-02-16,43.321746826171875
2018-02-20,42.59837341308594
2018-02-21,43.120819091796875
2018-02-22,42.317073822021484
2018-02-23,42.839500427246094
2018-02-26,43.24135971069336
2018-02-27,42.0357551574707
2018-02-28,41.55351638793945
2018-03-01,41.55351638793945
2018-03-02,42.55480194091797
2018-03-05,43.20078659057617
2018-03-06,43.84678649902344
2018-03-07,44.49279022216797
2018-03-08,43.96791458129883
2018-03-09,44.93690872192383
2018-03-12,45.01764678955078
2018-03-13,44.97727966308594
2018-03-14,44.12940979003906
2018-03-15,44.65428161621094
2018-03-16,44.93690872192383
2018-03-19,44.29092025756836
2018-03-20,44.089027404785156
2018-03-21,43.96791458129883
2018-03-22,42.15105438232422
2018-03-23,40.697566986083984
2018-03-26,42.15105438232422
2018-03-27,40.85906982421875
2018-03-28,41.545433044433594
2018-03-29,41.747310638427734
2018-04-02,40.85906982421875
2018-04-03,41.66654586791992
2018-04-04,42.23180389404297
2018-04-05,42.514434814453125
2018-04-06,41.14168167114258
2018-04-09,41.38393783569336
2018-04-10,42.35292434692383
2018-04-11,42.110679626464844
2018-04-12,42.8777961730957
2018-04-13,42.19143295288086
2018-04-16,42.514434814453125
2018-04-17,41.5858039855957
2018-04-18,39.163333892822266
2018-04-19,39.12295913696289
2018-04-20,39.04220962524414
2018-04-23,39.84970474243164
2018-04-24,40.25344467163086
2018-04-25,39.768951416015625
2018-04-26,39.647830963134766
2018-04-27,40.051570892333984
2018-04-30,39.445953369140625
2018-05-01,39.768951416015625
2018-05-02,40.01120376586914
2018-05-03,39.688209533691406
2018-05-04,40.25344467163086
2018-05-07,40.93981170654297
2018-05-08,41.12554931640625
2018-05-09,41.545433044433594
2018-05-10,41.545433044433594
2018-05-11,41.42431640625
2018-05-14,41.50505828857422
2018-05-15,41.949180603027344
2018-05-16,41.908809661865234
2018-05-17,42.19143295288086
2018-05-18,41.82805633544922
2018-05-21,42.514434814453125
2018-05-22,42.3932991027832
2018-05-23,41.787681579589844
2018-05-24,41.706939697265625
2018-05-25,41.787681579589844
2018-05-29,40.818695068359375
2018-05-30,41.5858039855957
2018-05-31,40.57644271850586
2018-06-01,41.22243881225586
2018-06-04,41.82280349731445
2018-06-05,42.06619644165039
2018-06-06,42.999202728271484
2018-06-07,42.877506256103516
2018-06-08,42.999202728271484
2018-06-11,42.30959701538086
2018-06-12,41.66054153442383
2018-06-13,41.33602523803711
2018-06-14,41.011505126953125
2018-06-15,40.80868148803711
2018-06-18,40.76810836791992
2018-06-19,41.0926399230957
2018-06-20,40.93036651611328
2018-06-21,39.7945442199707
2018-06-22,39.34832763671875
2018-06-25,39.47001266479492
2018-06-26,39.42945861816406
2018-06-27,38.45589065551758
2018-06-28,38.45589065551758
2018-06-29,37.84741973876953
2018-07-02,38.45589065551758
2018-07-03,38.13137435913086
2018-07-05,38.65871810913086
2018-07-06,38.86153793334961
2018-07-09,39.9000129699707
2018-07-10,39.34832763671875
2018-07-11,39.3077507019043
2018-07-12,39.10493087768555
2018-07-13,38.69928741455078
2018-07-16,39.26719284057617
2018-07-17,39.3077507019043
2018-07-18,41.1331901550293
2018-07-19,41.41715621948242
2018-07-20,41.903934478759766
2018-07-23,42.35015106201172
2018-07-24,41.82280349731445
2018-07-25,41.741661071777344
2018-07-26,41.53885269165039
2018-07-27,41.0926399230957
2018-07-30,40.970924377441406
2018-07-31,40.76810836791992
2018-08-01,41.214317321777344
2018-08-02,41.579410552978516
2018-08-03,40.8492431640625
2018-08-06,40.93036651611328
2018-08-07,41.45771026611328
2018-08-08,41.94449996948242
2018-08-09,41.701107025146484
2018-08-10,41.53885269165039
2018-08-13,41.214317321777344
2018-08-14,41.701107025146484
2018-08-15,41.0926399230957
2018-08-16,41.94449996948242
2018-08-17,42.10676574707031
2018-08-20,42.10676574707031
2018-08-21,42.674678802490234
2018-08-22,42.55297088623047
2018-08-23,42.14733123779297
2018-08-24,41.903934478759766
2018-08-27,41.61997604370117
2018-08-28,41.498291015625
2018-08-29,41.701107025146484
2018-08-30,41.41715621948242
2018-08-31,41.82280349731445
2018-09-04,42.04301452636719
2018-09-05,42.083778381347656
2018-09-06,41.7167854309082
2018-09-07,41.79833984375
2018-09-10,41.51288986206055
2018-09-11,41.59444046020508
2018-09-12,40.77886962890625
2018-09-13,40.41185760498047
2018-09-14,40.90120315551758
2018-09-17,40.81964111328125
2018-09-18,40.04485321044922
2018-09-19,40.4526481628418
2018-09-20,40.86042404174805
2018-09-21,40.73808670043945
2018-09-24,40.248748779296875
2018-09-25,40.04485321044922
2018-09-26,39.35161209106445
2018-09-27,38.903045654296875
2018-09-28,38.780696868896484
2018-10-01,38.21795654296875
2018-10-02,38.16087341308594
2018-10-03,39.60443878173828
2018-10-04,39.596275329589844
2018-10-05,38.98460006713867
2018-10-08,39.24557876586914
2018-10-09,39.13956832885742
2018-10-10,38.364768981933594
2018-10-11,37.31266784667969
2018-10-12,36.342124938964844
2018-10-15,36.26057052612305
2018-10-16,36.30135726928711
2018-10-17,35.58364486694336
2018-10-18,34.77621841430664
2018-10-19,34.13191223144531
2018-10-22,33.27556228637695
2018-10-23,33.593631744384766
2018-10-24,31.79935073852539
2018-10-25,32.900390625
2018-10-26,32.72096633911133
2018-10-29,33.68333435058594
2018-10-30,33.846466064453125
2018-10-31,34.22161865234375
2018-11-01,34.56416320800781
2018-11-02,34.53154373168945
2018-11-05,34.2053108215332
2018-11-06,34.352108001708984
2018-11-07,34.1645393371582
2018-11-08,34.172691345214844
2018-11-09,33.65887451171875
2018-11-12,33.10428237915039
2018-11-13,32.5496940612793
2018-11-14,31.92169761657715
2018-11-15,32.5496940612793
2018-11-16,32.158206939697266
2018-11-19,32.45997619628906
2018-11-20,31.70149040222168
2018-11-21,32.12559127807617
2018-11-23,31.897232055664062
2018-11-26,32.41104507446289
2018-11-27,32.25607681274414
2018-11-28,32.5986213684082
2018-11-29,32.215309143066406
2018-11-30,32.80253219604492
2018-12-03,33.030887603759766
2018-12-04,31.372352600097656
2018-12-06,31.17530632019043
2018-12-07,31.364151000976562
2018-12-10,30.978261947631836
2018-12-11,30.52667808532715
2018-12-12,31.552989959716797
2018-12-13,30.51846694946289
2018-12-14,30.190046310424805
2018-12-17,29.886255264282227
2018-12-18,29.048782348632812
2018-12-19,27.989625930786133
2018-12-20,28.071735382080078
2018-12-21,28.03067970275879
2018-12-24,27.14394760131836
2018-12-26,28.178470611572266
2018-12-27,28.51510238647461
2018-12-28,28.342681884765625
2018-12-31,28.44942283630371
2019-01-02,28.942045211791992
2019-01-03,29.426469802856445
2019-01-04,30.543100357055664
2019-01-07,30.41993522644043
2019-01-08,30.961828231811523
2019-01-09,31.224573135375977
2019-01-10,30.8879451751709
2019-01-11,30.928987503051758
2019-01-14,30.912574768066406
2019-01-15,31.002878189086914
2019-01-16,32.357608795166016
2019-01-17,33.433204650878906
2019-01-18,34.52519607543945
2019-01-22,33.810874938964844
2019-01-23,33.51530456542969
2019-01-24,33.5070915222168
2019-01-25,33.99972915649414
2019-01-28,34.36919403076172
2019-01-29,34.47592544555664
2019-01-30,34.55803680419922
2019-01-31,33.728782653808594
2019-02-01,34.05719757080078
2019-02-04,34.459510803222656
2019-02-05,33.93404006958008
2019-02-06,33.67951202392578
2019-02-07,34.31172561645508
2019-02-08,33.449615478515625
2019-02-11,34.21319580078125
2019-02-12,34.393829345703125
2019-02-13,34.04898452758789
2019-02-14,33.802669525146484
2019-02-15,34.84540557861328
2019-02-19,35.23129653930664
2019-02-20,35.7403450012207
2019-02-21,35.5186653137207
2019-02-22,35.912776947021484
2019-02-25,35.98666763305664
2019-02-26,35.50224304199219
2019-02-27,36.02772521972656
2019-02-28,35.86350631713867
2019-03-01,36.24939727783203
2019-03-04,35.9685173034668
2019-03-05,36.20810317993164
2019-03-06,34.89459991455078
2019-03-07,34.44023513793945
2019-03-08,34.33285140991211
2019-03-11,34.82023239135742
2019-03-12,34.778934478759766
2019-03-13,34.985450744628906
2019-03-14,35.06806945800781
2019-03-15,35.15068435668945
2019-03-18,35.62154769897461
2019-03-19,34.43197250366211
2019-03-20,33.4076042175293
2019-03-21,33.126731872558594
2019-03-22,31.317564010620117
2019-03-25,31.557140350341797
2019-03-26,32.55672073364258
2019-03-27,32.82933807373047
2019-03-28,33.42412185668945
2019-03-29,33.374568939208984
2019-04-01,34.4484977722168
2019-04-02,34.44023513793945
2019-04-03,34.74589538574219
2019-04-04,35.522430419921875
2019-04-05,35.844608306884766
2019-04-08,36.009830474853516
2019-04-09,35.09286117553711
2019-04-10,35.20023727416992
2019-04-11,35.18372344970703
2019-04-12,36.26592254638672
2019-04-15,35.80331039428711
2019-04-16,36.67897415161133
2019-04-17,35.97679138183594
2019-04-18,35.117637634277344
2019-04-22,34.44023513793945
2019-04-23,35.5389518737793
2019-04-24,35.18372344970703
2019-04-25,34.91937255859375
2019-04-26,35.596778869628906
2019-04-29,36.33201217651367
2019-04-30,36.13374710083008
2019-05-01,35.43982696533203
2019-05-02,36.13374710083008
2019-05-03,36.73680877685547
2019-05-06,36.612884521484375
2019-05-07,35.70417404174805
2019-05-08,35.26633834838867
2019-05-09,35.216766357421875
2019-05-10,35.09286117553711
2019-05-13,33.22587203979492
2019-05-14,33.75456619262695
2019-05-15,33.258907318115234
2019-05-16,33.75456619262695
2019-05-17,33.32500076293945
2019-05-20,33.275428771972656
2019-05-21,33.5397834777832
2019-05-22,32.91194534301758
2019-05-23,32.350189208984375
2019-05-24,33.1349983215332
2019-05-28,32.81281661987305
2019-05-29,32.920204162597656
2019-05-30,31.978456497192383
2019-05-31,31.375396728515625
2019-06-03,31.978456497192383
2019-06-04,33.093204498291016
2019-06-05,32.72716522216797
2019-06-06,32.88522720336914
2019-06-07,32.66061019897461
2019-06-10,33.159759521484375
2019-06-11,33.38437271118164
2019-06-12,33.109840393066406
2019-06-13,33.10151290893555
2019-06-14,33.068241119384766
2019-06-17,32.5607795715332
2019-06-18,33.20965576171875
2019-06-19,33.10151290893555
2019-06-20,33.10151290893555
2019-06-21,32.66893005371094
2019-06-24,32.19475173950195
2019-06-25,32.119876861572266
2019-06-26,32.06163787841797
2019-06-27,32.427677154541016
2019-06-28,33.32614517211914
2019-07-01,33.201351165771484
2019-07-02,32.49423599243164
2019-07-03,32.760440826416016
2019-07-05,33.16807174682617
2019-07-08,32.77708053588867
2019-07-09,32.88522720336914
2019-07-10,32.519195556640625
2019-07-11,32.53582000732422
2019-07-12,32.86859130859375
2019-07-15,31.961807250976562
2019-07-16,32.203067779541016
2019-07-17,32.951778411865234
2019-07-18,33.442604064941406
2019-07-19,33.584022521972656
2019-07-22,33.018333435058594
2019-07-23,33.409332275390625
2019-07-24,34.34105682373047
2019-07-25,33.916778564453125
2019-07-26,34.707096099853516
2019-07-29,34.399288177490234
2019-07-30,34.80692672729492
2019-07-31,34.54072189331055
2019-08-01,32.66893005371094
2019-08-02,32.05331802368164
2019-08-05,30.90529441833496
2019-08-06,30.738914489746094
2019-08-07,30.472694396972656
2019-08-08,31.462665557861328
2019-08-09,31.30460548400879
2019-08-12,30.131616592407227
2019-08-13,30.4560604095459
2019-08-14,29.108379364013672
2019-08-15,28.9503116607666
2019-08-16,29.898679733276367
2019-08-19,30.372865676879883
2019-08-20,29.873727798461914
2019-08-21,30.023475646972656
2019-08-22,29.848766326904297
2019-08-23,28.609230041503906
2019-08-26,28.925352096557617
2019-08-27,28.26814842224121
2019-08-28,28.6175537109375
2019-08-29,29.22484588623047
2019-08-30,29.208209991455078
2019-09-03,28.451168060302734
2019-09-04,28.669185638427734
2019-09-05,29.558019638061523
2019-09-06,29.33162498474121
2019-09-09,31.226694107055664
2019-09-10,32.400630950927734
2019-09-11,32.92889404296875
2019-09-12,32.70249557495117
2019-09-13,32.853431701660156
2019-09-16,33.56618118286133
2019-09-17,32.68572235107422
2019-09-18,32.677330017089844
2019-09-19,32.70249557495117
2019-09-20,32.21614456176758
2019-09-23,32.350311279296875
2019-09-24,31.947818756103516
2019-09-25,32.6186408996582
2019-09-26,32.132293701171875
2019-09-27,32.12392044067383
2019-09-30,32.11552429199219
2019-10-01,31.293773651123047
2019-10-02,30.89966583251953
2019-10-03,30.76548957824707
2019-10-04,31.033824920654297
2019-10-07,30.807424545288086
2019-10-08,29.901817321777344
2019-10-09,29.99405288696289
2019-10-10,30.790664672851562
2019-10-11,31.553714752197266
2019-10-14,31.5788631439209
2019-10-15,32.26646041870117
2019-10-16,31.59563446044922
2019-10-17,32.07358932495117
2019-10-18,32.21614456176758
2019-10-21,33.398475646972656
2019-10-22,33.541011810302734
2019-10-23,33.75065994262695
2019-10-24,33.10498809814453
2019-10-25,33.21399688720703
2019-10-28,33.67518615722656
2019-10-29,33.876434326171875
2019-10-30,33.398475646972656
2019-10-31,32.70249557495117
2019-11-01,33.42362976074219
2019-11-04,34.26215362548828
2019-11-05,34.50532150268555
2019-11-06,34.24538040161133
2019-11-07,34.59756851196289
2019-11-08,34.75688171386719
2019-11-11,34.78202819824219
2019-11-12,34.916194915771484
2019-11-13,34.480167388916016
2019-11-14,34.362770080566406
2019-11-15,34.26215362548828
2019-11-18,34.11960983276367
2019-11-19,34.45500564575195
2019-11-20,34.18667221069336
2019-11-21,34.086063385009766
2019-11-22,34.346004486083984
2019-11-25,34.5220947265625
2019-11-26,34.37954330444336
2019-11-27,34.6059455871582
2019-11-29,34.05250930786133
2019-12-02,33.95189666748047
2019-12-03,33.650028228759766
2019-12-04,34.12277603149414
2019-12-05,34.54489517211914
2019-12-06,35.07672882080078
2019-12-09,35.009193420410156
2019-12-10,35.29621887207031
2019-12-11,35.03452682495117
2019-12-12,35.97159194946289
2019-12-13,36.19952392578125
2019-12-16,36.46966552734375
2019-12-17,36.976192474365234
2019-12-18,37.01840591430664
2019-12-19,37.00996398925781
2019-12-20,37.12815475463867
2019-12-23,36.967750549316406
2019-12-24,37.11970520019531
2019-12-26,37.271671295166016
2019-12-27,36.976192474365234
2019-12-30,37.10282897949219
2019-12-31,37.043731689453125
2020-01-02,37.03529357910156
2020-01-03,36.71449279785156
2020-01-06,36.32615280151367
2020-01-07,36.35149383544922
2020-01-08,36.64695358276367
2020-01-09,36.85799789428711
2020-01-10,36.53721618652344
2020-01-13,37.052181243896484
2020-01-14,37.229454040527344
2020-01-15,36.92554473876953
2020-01-16,36.90021514892578
2020-01-17,36.773582458496094
2020-01-21,36.02223587036133
2020-01-22,35.81963348388672
2020-01-23,35.836509704589844
2020-01-24,35.07672882080078
2020-01-27,34.35915756225586
2020-01-28,34.57020950317383
2020-01-29,33.98770523071289
2020-01-30,34.46046447753906
2020-01-31,33.5487174987793
2020-02-03,33.98770523071289
2020-02-04,34.00458908081055
2020-02-05,34.94165802001953
2020-02-06,34.63774871826172
2020-02-07,34.198760986328125
2020-02-10,34.12277603149414
2020-02-11,34.23252487182617
2020-02-12,34.44357681274414
2020-02-13,34.57020950317383
2020-02-14,34.13966751098633
2020-02-18,33.47274398803711
2020-02-19,33.61625289916992
2020-02-20,33.88640594482422
2020-02-21,33.582489013671875
2020-02-24,32.32462692260742
2020-02-25,30.990774154663086
2020-02-26,30.484251022338867
2020-02-27,29.5134220123291
2020-02-28,28.280874252319336
2020-03-02,29.6231746673584
2020-03-03,28.20490074157715
2020-03-04,29.047475814819336
2020-03-05,28.043197631835938
2020-03-06,26.111238479614258
2020-03-09,19.881301879882812
2020-03-10,21.021760940551758
2020-03-11,18.145097732543945
2020-03-12,17.055709838867188
2020-03-13,19.634496688842773
2020-03-16,17.24294662475586
2020-03-17,16.4259090423584
2020-03-18,13.91521167755127
2020-03-19,14.255644798278809
2020-03-20,13.191792488098145
2020-03-23,13.106680870056152
2020-03-24,15.84717082977295
2020-03-25,16.221651077270508
2020-03-26,18.09403419494629
2020-03-27,16.928049087524414
2020-03-30,16.4259090423584
2020-03-31,16.61314582824707
2020-04-01,14.987577438354492
2020-04-02,15.472694396972656
2020-04-03,15.140772819519043
2020-04-06,16.672725677490234
2020-04-07,17.08124542236328
2020-04-08,18.357866287231445
2020-04-09,19.464279174804688
2020-04-13,18.247224807739258
2020-04-14,17.29401397705078
2020-04-15,15.796106338500977
2020-04-16,14.851404190063477
2020-04-17,15.659932136535645
2020-04-20,15.651421546936035
2020-04-21,14.928003311157227
2020-04-22,15.285452842712402
2020-04-23,15.540781021118164
2020-04-24,16.034406661987305
2020-04-27,17.37911605834961
2020-04-28,17.855730056762695
2020-04-29,18.383398056030273
2020-04-30,17.79615592956543
2020-05-01,16.825918197631836
2020-05-04,17.132305145263672
2020-05-05,16.808895111083984
2020-05-06,15.966323852539062
2020-05-07,15.974830627441406
2020-05-08,17.29401397705078
2020-05-11,15.804617881774902
2020-05-12,14.893960952758789
2020-05-13,13.515201568603516
2020-05-14,14.221601486206055
2020-05-15,14.0343656539917
2020-05-18,16.034406661987305
2020-05-19,15.183327674865723
2020-05-20,16.111005783081055
2020-05-21,16.434419631958008
2020-05-22,16.417396545410156
2020-05-26,18.349361419677734
2020-05-27,20.000459671020508
2020-05-28,19.225976943969727
2020-05-29,18.400423049926758
2020-06-01,18.953628540039062
2020-06-02,18.83447265625
2020-06-03,20.18769645690918
2020-06-04,21.44458770751953
2020-06-05,23.286874771118164
2020-06-08,23.700098037719727
2020-06-09,22.822002410888672
2020-06-10,20.962493896484375
2020-06-11,18.48314666748047
2020-06-12,19.344030380249023
2020-06-15,19.46455955505371
2020-06-16,20.609527587890625
2020-06-17,19.84334373474121
2020-06-18,19.834735870361328
2020-06-19,19.498992919921875
2020-06-22,19.361249923706055
2020-06-23,18.948026657104492
2020-06-24,17.622268676757812
2020-06-25,18.26793098449707
2020-06-26,16.313730239868164
2020-06-29,17.69114112854004
2020-06-30,18.25071144104004
2020-07-01,16.82164764404297
2020-07-02,16.752775192260742
2020-07-06,16.967998504638672
2020-07-07,16.201812744140625
2020-07-08,16.330944061279297
2020-07-09,15.392579078674316
2020-07-10,16.339553833007812
2020-07-13,16.30511474609375
2020-07-14,15.917718887329102
2020-07-15,17.088518142700195
2020-07-16,16.8388671875
2020-07-17,16.150161743164062
2020-07-20,15.513105392456055
2020-07-21,16.606426239013672
2020-07-22,16.485898971557617
2020-07-23,16.976604461669922
2020-07-24,16.589210510253906
2020-07-27,16.219030380249023
2020-07-28,16.021024703979492
2020-07-29,16.99382209777832
2020-07-30,16.64946746826172
2020-07-31,16.408424377441406
2020-08-03,16.30511474609375
2020-08-04,16.012418746948242
2020-08-05,16.795820236206055
2020-08-06,16.701122283935547
2020-08-07,17.622268676757812
2020-08-10,18.22488784790039
2020-08-11,18.49176025390625
2020-08-12,18.534801483154297
2020-08-13,18.16462516784668
2020-08-14,18.560630798339844
2020-08-17,18.242103576660156
2020-08-18,17.415651321411133
2020-08-19,17.630870819091797
2020-08-20,17.2176513671875
2020-08-21,16.813037872314453
2020-08-24,17.760005950927734
2020-08-25,17.725574493408203
2020-08-26,16.890522003173828
2020-08-27,17.355390548706055
2020-08-28,17.553394317626953
2020-08-31,17.226259231567383
2020-09-01,17.140174865722656
2020-09-02,17.269306182861328
2020-09-03,17.183212280273438
2020-09-04,18.116992950439453
2020-09-08,17.26175880432129
2020-09-09,17.270488739013672
2020-09-10,16.947595596313477
2020-09-11,17.078495025634766
2020-09-14,17.46247100830078
2020-09-15,17.244300842285156
2020-09-16,17.5235652923584
2020-09-17,17.51483726501465
2020-09-18,17.314115524291992
2020-09-21,16.301803588867188
2020-09-22,15.699649810791016
2020-09-23,15.586197853088379
2020-09-24,15.50765609741211
2020-09-25,15.917817115783691
2020-09-28,16.703237533569336
2020-09-29,16.371620178222656
2020-09-30,16.415254592895508
2020-10-01,16.659603118896484
2020-10-02,17.130855560302734
2020-10-05,18.404979705810547
2020-10-06,18.483522415161133
2020-10-07,19.207847595214844
2020-10-08,19.583105087280273
2020-10-09,19.22530746459961
2020-10-12,19.469654083251953
2020-10-13,18.75405502319336
2020-10-14,18.527156829833984
2020-10-15,19.111858367919922
2020-10-16,18.867504119873047
2020-10-19,18.867504119873047
2020-10-20,19.530744552612305
2020-10-21,20.159080505371094
2020-10-22,21.153945922851562
2020-10-23,20.85723304748535
2020-10-26,20.333616256713867
2020-10-27,19.687829971313477
2020-10-28,19.172943115234375
2020-10-29,19.600557327270508
2020-10-30,19.958364486694336
2020-11-02,20.429611206054688
2020-11-03,21.09285545349121
2020-11-04,19.242755889892578
2020-11-05,20.150354385375977
2020-11-06,19.574382781982422
2020-11-09,23.518932342529297
2020-11-10,24.225807189941406
2020-11-11,23.553836822509766
2020-11-12,23.100038528442383
2020-11-13,24.059993743896484
2020-11-16,25.203214645385742
2020-11-17,25.31665802001953
2020-11-18,24.65342140197754
2020-11-19,24.67087745666504
2020-11-20,24.260713577270508
2020-11-23,25.124671936035156
2020-11-24,26.808956146240234
2020-11-25,26.486066818237305
2020-11-27,25.87518310546875
2020-11-30,24.513795852661133
2020-12-01,25.01995086669922
2020-12-02,25.700645446777344
2020-12-03,25.832761764526367
2020-12-04,26.61663818359375
2020-12-07,26.26433563232422
2020-12-08,26.880868911743164
2020-12-09,26.80160140991211
2020-12-10,27.145095825195312
2020-12-11,26.85444450378418
2020-12-14,27.083446502685547
2020-12-15,28.47504997253418
2020-12-16,28.651201248168945
2020-12-17,28.915428161621094
2020-12-18,28.6159725189209
2020-12-21,28.378164291381836
2020-12-22,28.721660614013672
2020-12-23,29.91069221496582
2020-12-24,30.139692306518555
2020-12-28,30.44795799255371
2020-12-29,29.50553321838379
2020-12-30,29.65526580810547
2020-12-31,29.963537216186523
2021-01-04,29.461503982543945
2021-01-05,30.08684730529785
2021-01-06,33.02859115600586
2021-01-07,34.20881271362305
2021-01-08,33.51301193237305
2021-01-11,34.37615966796875
2021-01-12,35.22169876098633
2021-01-13,35.00150680541992
2021-01-14,36.28741455078125
2021-01-15,35.027923583984375
2021-01-19,35.28334426879883
2021-01-20,34.76368713378906
2021-01-21,33.08143615722656
2021-01-22,33.61870574951172
2021-01-25,32.73793411254883
2021-01-26,32.086181640625
2021-01-27,30.32465171813965
2021-01-28,31.240646362304688
2021-01-29,30.069231033325195
2021-02-01,30.588886260986328
2021-02-02,31.38157081604004
2021-02-03,31.478456497192383
2021-02-04,32.63224411010742
2021-02-05,32.852439880371094
2021-02-08,33.32805252075195
2021-02-09,33.82128143310547
2021-02-10,33.61870574951172
2021-02-11,32.834815979003906
2021-02-12,32.711517333984375
2021-02-16,33.468971252441406
2021-02-17,33.06382369995117
2021-02-18,32.10379409790039
2021-02-19,33.25758743286133
2021-02-22,34.12954330444336
2021-02-23,34.8077278137207
2021-02-24,35.60041046142578
2021-02-25,33.72439193725586
2021-02-26,33.248783111572266
2021-03-01,35.503536224365234
2021-03-02,34.825347900390625
2021-03-03,35.45948791503906
2021-03-04,34.67561340332031
2021-03-05,36.5911979675293
2021-03-08,37.46030807495117
2021-03-09,36.848392486572266
2021-03-10,38.48016357421875
2021-03-11,39.34928512573242
2021-03-12,40.005550384521484
2021-03-15,39.517784118652344
2021-03-16,38.98567199707031
2021-03-17,40.085365295410156
2021-03-18,39.78384017944336
2021-03-19,39.48230743408203
2021-03-22,37.956939697265625
2021-03-23,35.87285614013672
2021-03-24,35.704349517822266
2021-03-25,36.4138298034668
2021-03-26,37.62880325317383
2021-03-29,36.4138298034668
2021-03-30,37.291805267333984
2021-03-31,37.25632858276367
2021-04-01,37.35388946533203
2021-04-05,37.291805267333984
2021-04-06,36.839515686035156
2021-04-07,36.61780548095703
2021-04-08,36.75969696044922
2021-04-09,37.37162399291992
2021-04-12,37.77070236206055
2021-04-13,37.41596221923828
2021-04-14,38.196388244628906
2021-04-15,38.125450134277344
2021-04-16,38.49790954589844
2021-04-19,38.37375259399414
2021-04-20,36.18324661254883
2021-04-21,39.44683074951172
2021-04-22,38.533390045166016
2021-04-23,40.085365295410156
2021-04-26,40.40463638305664
2021-04-27,41.01655197143555
2021-04-28,41.6905517578125
2021-04-29,42.39116668701172
2021-04-30,41.0076904296875
2021-05-03,42.06303024291992
2021-05-04,42.59513473510742
2021-05-05,42.62173843383789
2021-05-06,43.76576614379883
2021-05-07,43.98748016357422
2021-05-10,43.499717712402344
2021-05-11,43.694820404052734
2021-05-12,42.045291900634766
2021-05-13,43.8721923828125
2021-05-14,44.35995864868164
2021-05-17,44.590538024902344
2021-05-18,44.067298889160156
2021-05-19,43.526329040527344
2021-05-20,43.2868766784668
2021-05-21,44.067298889160156
2021-05-24,43.978614807128906
2021-05-25,42.62173843383789
2021-05-26,43.526329040527344
2021-05-27,43.96974563598633
2021-05-28,43.90766525268555
2021-06-01,44.35995864868164
2021-06-02,43.9520149230957
2021-06-03,43.98748016357422
2021-06-04,43.960723876953125
2021-06-07,43.93397903442383
2021-06-08,44.01422882080078
2021-06-09,42.91743469238281
2021-06-10,42.06140899658203
2021-06-11,42.31109619140625
2021-06-14,41.32130432128906
2021-06-15,42.32000732421875
2021-06-16,43.193870544433594
2021-06-17,40.48311233520508
2021-06-18,38.55704116821289
2021-06-21,40.9200325012207
2021-06-22,40.616859436035156
2021-06-23,40.62578582763672
2021-06-24,41.27671813964844
2021-06-25,41.48180389404297
2021-06-28,40.313690185546875
2021-06-29,39.582496643066406
2021-06-30,39.6270637512207
2021-07-01,40.05508804321289
2021-07-02,39.56465530395508
2021-07-06,38.20927047729492
2021-07-07,37.9328498840332
2021-07-08,37.47808074951172
2021-07-09,39.332820892333984
2021-07-12,39.591407775878906
2021-07-13,38.681884765625
2021-07-14,38.36977767944336
2021-07-15,39.07421875
2021-07-16,37.576171875
2021-07-19,35.962188720703125
2021-07-20,37.29082489013672
2021-07-21,38.86913299560547
2021-07-22,37.90609359741211
2021-07-23,38.664039611816406
2021-07-26,39.00288391113281
2021-07-27,38.94046401977539
2021-07-28,39.297142028808594
2021-07-29,39.43090057373047
2021-07-30,38.976131439208984
2021-08-02,38.004180908203125
2021-08-03,38.43218994140625
2021-08-04,37.790184020996094
2021-08-05,38.61946487426758
2021-08-06,40.10860061645508
2021-08-09,39.51115417480469
2021-08-10,40.58119201660156
2021-08-11,41.18754577636719
2021-08-12,41.03596496582031
2021-08-13,40.73278045654297
2021-08-16,40.786285400390625
2021-08-17,40.3671875
2021-08-18,39.72515869140625
2021-08-19,39.23473358154297
2021-08-20,40.08184814453125
2021-08-23,40.590110778808594
2021-08-24,40.59902572631836
2021-08-25,40.95570755004883
2021-08-26,40.233428955078125
2021-08-27,41.60663986206055
2021-08-30,40.5722770690918
2021-08-31,40.982460021972656
2021-09-01,40.63468551635742
2021-09-02,40.349361419677734
2021-09-03,40.107154846191406
2021-09-07,40.56464767456055
2021-09-08,39.613773345947266
2021-09-09,39.81111526489258
2021-09-10,38.86922073364258
2021-09-13,39.47024917602539
2021-09-14,38.402748107910156
2021-09-15,39.129364013671875
2021-09-16,39.37156677246094
2021-09-17,39.13833999633789
2021-09-20,38.196434020996094
2021-09-21,38.0080451965332
2021-09-22,38.73466491699219
2021-09-23,40.43906021118164
2021-09-24,40.69023132324219
2021-09-27,42.744476318359375
2021-09-28,42.15242385864258
2021-09-29,42.466392517089844
2021-09-30,42.26903533935547
2021-10-01,43.29167938232422
2021-10-04,43.70432662963867
2021-10-05,43.874759674072266
2021-10-06,43.28270721435547
2021-10-07,44.02726745605469
2021-10-08,44.41299057006836
2021-10-11,43.50697708129883
2021-10-12,43.605648040771484
2021-10-13,43.12123489379883
2021-10-14,43.48006820678711
2021-10-15,43.37242126464844
2021-10-18,42.97771453857422
2021-10-19,42.789329528808594
2021-10-20,46.16223907470703
2021-10-21,46.009742736816406
2021-10-22,46.29679870605469
2021-10-25,46.27885818481445
2021-10-26,45.45357131958008
2021-10-27,43.67742156982422
2021-10-28,44.34123229980469
2021-10-29,44.386085510253906
2021-11-01,45.884159088134766
2021-11-02,45.83930206298828
2021-11-03,47.28355407714844
2021-11-04,45.98283004760742
2021-11-05,46.47621154785156
2021-11-08,46.431358337402344
2021-11-09,46.709442138671875
2021-11-10,47.18487548828125
2021-11-11,47.64237976074219
2021-11-12,47.382232666015625
2021-11-15,47.705177307128906
2021-11-16,47.229736328125
2021-11-17,46.36855697631836
2021-11-18,46.431358337402344
2021-11-19,45.8123893737793
2021-11-22,46.38650131225586
2021-11-23,47.57060623168945
2021-11-24,47.202823638916016
2021-11-26,44.134910583496094
2021-11-29,44.2425537109375
2021-11-30,42.8610954284668
2021-12-01,41.901241302490234
2021-12-02,43.8568115234375
2021-12-03,43.34265899658203
2021-12-06,44.73179244995117
2021-12-07,45.33615493774414
2021-12-08,45.26399612426758
2021-12-09,44.65060806274414
2021-12-10,44.398048400878906
2021-12-13,43.06303787231445
2021-12-14,43.80270004272461
2021-12-15,44.10939025878906
2021-12-16,43.73955535888672
2021-12-17,42.61201858520508
2021-12-20,41.62879943847656
2021-12-21,43.26148223876953
2021-12-22,43.55012893676758
2021-12-23,43.83877944946289
2021-12-27,44.4702033996582
2021-12-28,44.66865158081055
2021-12-29,45.209861755371094
2021-12-30,45.11064147949219
2021-12-31,45.11967468261719
2022-01-03,45.86834716796875
2022-01-04,47.23041534423828
2022-01-05,46.851566314697266
2022-01-06,48.40306854248047
2022-01-07,48.971351623535156
2022-01-10,48.83604049682617
2022-01-11,48.75486373901367
2022-01-12,48.54738998413086
2022-01-13,48.93526077270508
2022-01-14,49.575706481933594
2022-01-18,49.151756286621094
2022-01-19,49.7741584777832
2022-01-20,48.08735656738281
2022-01-21,48.27678298950195
2022-01-24,49.0886116027832
2022-01-25,48.49326705932617
2022-01-26,48.502288818359375
2022-01-27,47.29356384277344
2022-01-28,47.65437698364258
2022-01-31,47.55515670776367
2022-02-01,48.520328521728516
2022-02-02,48.45718765258789
2022-02-03,48.74583053588867
2022-02-04,49.29608154296875
2022-02-07,49.7561149597168
2022-02-08,51.127201080322266
2022-02-09,50.00868606567383
2022-02-10,49.620811462402344
2022-02-11,48.76388168334961
2022-02-14,48.971351623535156
2022-02-15,50.703250885009766
2022-02-16,50.59499740600586
2022-02-17,48.65563201904297
2022-02-18,49.485504150390625
2022-02-22,48.854087829589844
2022-02-23,48.68269729614258
2022-02-24,48.16853332519531
2022-02-25,50.19810485839844
2022-02-28,50.225162506103516
2022-03-01,47.59123229980469
2022-03-02,50.531864166259766
2022-03-03,50.32339096069336
2022-03-04,47.957679748535156
2022-03-07,46.32616424560547
2022-03-08,46.915321350097656
2022-03-09,47.92142868041992
2022-03-10,47.75826644897461
2022-03-11,48.35649871826172
2022-03-14,48.94566345214844
2022-03-15,48.84595489501953
2022-03-16,50.25087356567383
2022-03-17,49.308223724365234
2022-03-18,49.03629684448242
2022-03-21,49.10881423950195
2022-03-22,49.317283630371094
2022-03-23,47.15098190307617
2022-03-24,48.03019332885742
2022-03-25,48.963783264160156
2022-03-28,48.55590057373047
2022-03-29,49.725162506103516
2022-03-30,48.06645584106445
2022-03-31,47.268821716308594
2022-04-01,46.770301818847656
2022-04-04,46.634334564208984
2022-04-05,46.19926834106445
2022-04-06,45.42881774902344
2022-04-07,44.685577392578125
2022-04-08,44.23237609863281
2022-04-11,44.468040466308594
2022-04-12,44.14173126220703
2022-04-13,44.631195068359375
2022-04-14,43.92420196533203
2022-04-18,43.94232940673828
2022-04-19,45.88201904296875
2022-04-20,45.900146484375
2022-04-21,44.55867385864258
2022-04-22,43.60694885253906
2022-04-25,44.7852783203125
2022-04-26,43.50725173950195
2022-04-27,43.14469528198242
2022-04-28,43.83354949951172
2022-04-29,42.39237976074219
2022-05-02,42.62804412841797
2022-05-03,43.135623931884766
2022-05-04,44.39552688598633
2022-05-05,42.6642951965332
2022-05-06,42.71868133544922
2022-05-09,42.41957092285156
2022-05-10,42.00263214111328
2022-05-11,41.776023864746094
2022-05-12,41.64006805419922
2022-05-13,42.047943115234375
2022-05-16,41.81229019165039
2022-05-17,43.688533782958984
2022-05-18,42.46488952636719
2022-05-19,42.21110534667969
2022-05-20,42.655235290527344
2022-05-23,43.42567443847656
2022-05-24,43.35316848754883
2022-05-25,43.94232940673828
2022-05-26,44.3864631652832
2022-05-27,44.884979248046875
2022-05-31,45.17502975463867
2022-06-01,44.73089599609375
2022-06-02,45.73699951171875
2022-06-03,45.18112564086914
2022-06-06,45.10821533203125
2022-06-07,45.63676071166992
2022-06-08,44.61612319946289
2022-06-09,42.99405288696289
2022-06-10,41.57246017456055
2022-06-13,40.743202209472656
2022-06-14,40.97101593017578
2022-06-15,41.40843963623047
2022-06-16,39.46741485595703
2022-06-17,39.93216323852539
2022-06-21,40.45159149169922
2022-06-22,40.533607482910156
2022-06-23,39.41273880004883
2022-06-24,40.797874450683594
2022-06-27,40.7796516418457
2022-06-28,40.43336486816406
2022-06-29,40.57917022705078
2022-06-30,40.396915435791016
2022-07-01,41.11682891845703
2022-07-05,41.007469177246094
2022-07-06,40.816104888916016
2022-07-07,41.13505554199219
2022-07-08,40.78877258300781
2022-07-11,40.76142501831055
2022-07-12,40.46070861816406
2022-07-13,39.36717224121094
2022-07-14,38.483238220214844
2022-07-15,40.08708572387695
2022-07-18,40.077972412109375
2022-07-19,41.70003890991211
2022-07-20,43.167198181152344
2022-07-21,43.2401008605957
2022-07-22,42.556640625
2022-07-25,43.53171157836914
2022-07-26,43.13985824584961
2022-07-27,43.713966369628906
2022-07-28,43.6046142578125
2022-07-29,44.479434967041016
2022-08-01,44.63434982299805
2022-08-02,43.75041198730469
2022-08-03,44.0511360168457
2022-08-04,43.6319580078125
2022-08-05,43.94178771972656
2022-08-08,44.08759307861328
2022-08-09,44.59790802001953
2022-08-10,45.70055389404297
2022-08-11,46.65739440917969
2022-08-12,47.19504928588867
2022-08-15,47.31350326538086
2022-08-16,47.74180603027344
2022-08-17,46.903438568115234
2022-08-18,47.532222747802734
2022-08-19,46.73940658569336
2022-08-22,45.83723831176758
2022-08-23,45.29957962036133
2022-08-24,45.02621078491211
2022-08-25,45.98305130004883
2022-08-26,45.07176971435547
2022-08-29,44.21516036987305
2022-08-30,44.19694137573242
2022-08-31,43.95089340209961
2022-09-01,44.1513786315918
2022-09-02,43.54655456542969
2022-09-06,42.69432067871094
2022-09-07,43.8856201171875
2022-09-08,44.893646240234375
2022-09-09,45.88334274291992
2022-09-12,46.26822280883789
2022-09-13,45.10441970825195
2022-09-14,45.709232330322266
2022-09-15,46.17658233642578
2022-09-16,45.71839141845703
2022-09-19,47.0288200378418
2022-09-20,46.68976593017578
2022-09-21,45.73672103881836
2022-09-22,44.21553039550781
2022-09-23,42.86843490600586
2022-09-26,43.070045471191406
2022-09-27,42.52937698364258
2022-09-28,43.22582244873047
2022-09-29,42.272789001464844
2022-09-30,41.97954559326172
2022-10-03,43.18001174926758
2022-10-04,45.02193832397461
2022-10-05,44.52709197998047
2022-10-06,44.307159423828125
2022-10-07,43.60154342651367
2022-10-10,43.28997802734375
2022-10-11,42.61184310913086
2022-10-12,42.77680206298828
2022-10-13,45.241878509521484
2022-10-14,44.81117630004883
2022-10-17,46.139930725097656
2022-10-18,46.24989318847656
2022-10-19,48.40339660644531
2022-10-20,46.45149612426758
2022-10-21,47.432037353515625
2022-10-24,49.39309310913086
2022-10-25,49.759639739990234
2022-10-26,49.70466232299805
2022-10-27,49.750484466552734
2022-10-28,50.767669677734375
2022-10-31,51.198368072509766
2022-11-01,50.84097671508789
2022-11-02,49.585533142089844
2022-11-03,50.07121276855469
2022-11-04,51.3083381652832
2022-11-07,51.46411895751953
2022-11-08,51.170875549316406
2022-11-09,50.611881256103516
2022-11-10,51.53743362426758
2022-11-11,50.46527099609375
2022-11-14,49.52138900756836
2022-11-15,49.47557067871094
2022-11-16,48.88908004760742
2022-11-17,48.348411560058594
2022-11-18,48.37590789794922
2022-11-21,48.650821685791016
2022-11-22,49.732154846191406
2022-11-23,49.273963928222656
2022-11-25,49.64967727661133
2022-11-28,49.33810806274414
2022-11-29,49.457244873046875
2022-11-30,50.254493713378906
2022-12-01,49.99790573120117
2022-12-02,50.264976501464844
2022-12-05,47.308753967285156
2022-12-06,47.474525451660156
2022-12-07,48.29416275024414
2022-12-08,48.128395080566406
2022-12-09,48.07313537597656
2022-12-12,48.091556549072266
2022-12-13,47.13378143310547
2022-12-14,45.86287307739258
2022-12-15,44.269649505615234
2022-12-16,43.43159866333008
2022-12-19,43.37633514404297
2022-12-20,43.71708297729492
2022-12-21,44.62881851196289
2022-12-22,44.36174392700195
2022-12-23,44.638031005859375
2022-12-27,44.555145263671875
2022-12-28,44.288063049316406
2022-12-29,44.96957015991211
2022-12-30,44.56434631347656
2023-01-03,44.149925231933594
2023-01-04,43.92890167236328
2023-01-05,43.79996871948242
2023-01-06,45.52212905883789
2023-01-09,45.63263702392578
2023-01-10,46.111534118652344
2023-01-11,46.10232925415039
2023-01-12,47.17982482910156
2023-01-13,46.94038772583008
2023-01-17,46.406227111816406
2023-01-18,43.76313400268555
2023-01-19,43.3579216003418
2023-01-20,44.37095260620117
2023-01-23,45.47608184814453
2023-01-24,45.19058609008789
2023-01-25,45.00640106201172
2023-01-26,46.056278228759766
2023-01-27,46.21283721923828
2023-01-30,45.94576644897461
2023-01-31,47.410057067871094
2023-02-01,48.44151306152344
2023-02-02,49.39008712768555
2023-02-03,49.5834846496582
2023-02-06,49.288780212402344
2023-02-07,49.74924850463867
2023-02-08,49.187477111816406
2023-02-09,48.58885955810547
2023-02-10,48.579654693603516
2023-02-13,48.60728454589844
2023-02-14,48.0086669921875
2023-02-15,47.90736770629883
2023-02-16,46.949588775634766
2023-02-17,46.82986068725586
2023-02-21,45.50371170043945
2023-02-22,45.25505828857422
2023-02-23,45.080078125
2023-02-24,44.96957015991211
2023-02-27,45.26426696777344
2023-02-28,45.23664474487305
2023-03-01,45.02482223510742
2023-03-02,44.269649505615234
2023-03-03,45.33538055419922
2023-03-06,45.60413360595703
2023-03-07,43.43559646606445
2023-03-08,43.296592712402344
2023-03-09,40.071590423583984
2023-03-10,39.367279052734375
2023-03-13,36.82804870605469
2023-03-14,35.9754638671875
2023-03-15,34.492698669433594
2023-03-16,35.71598434448242
2023-03-17,33.19528579711914
2023-03-20,34.25175857543945
2023-03-21,35.51209259033203
2023-03-22,33.232357025146484
2023-03-23,32.639251708984375
2023-03-24,33.37136459350586
2023-03-27,33.37136459350586
2023-03-28,33.22309112548828
2023-03-29,33.35283660888672
2023-03-30,33.00067901611328
2023-03-31,33.7327880859375
2023-04-03,34.18688201904297
2023-04-04,33.565975189208984
2023-04-05,33.334293365478516
2023-04-06,34.020076751708984
2023-04-10,33.89033126831055
2023-04-11,33.46403503417969
2023-04-12,33.43623352050781
2023-04-13,34.455631256103516
2023-04-14,33.77912521362305
2023-04-17,34.82632827758789
2023-04-18,34.020076751708984
2023-04-19,35.187747955322266
2023-04-20,34.492698669433594
2023-04-21,34.08494567871094
2023-04-24,33.82546615600586
2023-04-25,32.694854736328125
2023-04-26,33.139686584472656
2023-04-27,33.7235221862793
2023-04-28,33.843994140625
2023-05-01,33.49183654785156
2023-05-02,32.17588806152344
2023-05-03,31.462312698364258
2023-05-04,30.164894104003906
2023-05-05,32.472442626953125
2023-05-08,31.212095260620117
2023-05-09,30.79507064819336
2023-05-10,30.47071647644043
2023-05-11,29.942485809326172
2023-05-12,30.11856460571289
2023-05-15,31.100893020629883
2023-05-16,30.609722137451172
2023-05-17,33.15821838378906
2023-05-18,33.39916229248047
2023-05-19,32.87093734741211
2023-05-22,34.24248504638672
2023-05-23,34.9745979309082
2023-05-24,34.400028228759766
2023-05-25,34.34442901611328
2023-05-26,35.113609313964844
2023-05-30,35.09507369995117
2023-05-31,33.853267669677734
2023-06-01,35.44722366333008
2023-06-02,37.866424560546875
2023-06-05,36.36259460449219
2023-06-06,38.60431671142578
2023-06-07,40.537803649902344
2023-06-08,39.94001007080078
2023-06-09,38.77244567871094
2023-06-12,38.27739715576172
2023-06-13,39.3515625
2023-06-14,38.35212326049805
2023-06-15,38.58563995361328
2023-06-16,37.53950500488281
2023-06-20,36.63347625732422
2023-06-21,35.93294143676758
2023-06-22,35.47525405883789
2023-06-23,34.94284439086914
2023-06-26,34.87745666503906
2023-06-27,35.64337921142578
2023-06-28,35.81151580810547
2023-06-29,36.58677291870117
2023-06-30,35.84886932373047
2023-07-03,36.764244079589844
2023-07-05,36.19447326660156
2023-07-06,36.25985336303711
2023-07-07,37.10984420776367
2023-07-10,37.52082061767578
2023-07-11,37.89444351196289
2023-07-12,38.89387130737305
2023-07-13,39.22079086303711
2023-07-14,38.651023864746094
2023-07-17,39.54771423339844
2023-07-18,40.58450698852539
2023-07-19,41.509220123291016
2023-07-20,40.238914489746094
2023-07-21,39.53837585449219
2023-07-24,40.388362884521484
2023-07-25,40.145511627197266
2023-07-26,41.55592346191406
2023-07-27,40.575164794921875
2023-07-28,41.1729621887207
2023-07-31,41.107574462890625
2023-08-01,40.29494857788086
2023-08-02,40.687252044677734
2023-08-03,40.91142654418945
2023-08-04,41.26636505126953
2023-08-07,41.82679748535156
2023-08-08,41.20098114013672
2023-08-09,40.6685676574707
2023-08-10,40.7432975769043
2023-08-11,40.846046447753906
2023-08-14,39.96803283691406
2023-08-15,38.576297760009766
2023-08-16,38.16531753540039
2023-08-17,38.47355270385742
2023-08-18,38.26806640625
2023-08-21,37.941139221191406
2023-08-22,37.10984420776367
2023-08-23,37.866424560546875
2023-08-24,38.099937438964844
2023-08-25,37.79169464111328
2023-08-28,38.29608917236328
2023-08-29,38.80980682373047
2023-08-30,38.651023864746094
2023-08-31,38.529598236083984
2023-09-01,39.950347900390625
2023-09-05,39.282310485839844
2023-09-06,38.266143798828125
2023-09-07,37.1370735168457
2023-09-08,36.85480499267578
2023-09-11,36.35612869262695
2023-09-12,35.753963470458984
2023-09-13,35.217655181884766
2023-09-14,35.96095657348633
2023-09-15,36.03622817993164
2023-09-18,36.51608657836914
2023-09-19,35.33997344970703
2023-09-20,35.04829025268555
2023-09-21,34.20148468017578
2023-09-22,34.22970962524414
2023-09-25,34.474342346191406
2023-09-26,33.90980529785156
2023-09-27,33.98508071899414
2023-09-28,34.14502716064453
2023-09-29,34.80366516113281
2023-10-02,33.65576934814453
2023-10-03,32.45142364501953
2023-10-04,32.347930908203125
2023-10-05,33.34527587890625
2023-10-06,33.52404022216797
2023-10-09,32.84659957885742
2023-10-10,33.34527587890625
2023-10-11,33.90980529785156
2023-10-12,33.505226135253906
2023-10-13,32.790138244628906
2023-10-16,33.59931945800781
2023-10-17,34.38025665283203
2023-10-18,32.95009994506836
2023-10-19,32.6866455078125
2023-10-20,31.50111961364746
2023-10-23,31.698705673217773
2023-10-24,31.3505802154541
2023-10-25,31.04949188232422
2023-10-26,31.755159378051758
2023-10-27,31.096538543701172
2023-10-30,32.03743362426758
2023-10-31,32.39496994018555
2023-11-01,32.75251007080078
2023-11-02,34.7283821105957
2023-11-03,36.271453857421875
2023-11-06,36.15854263305664
2023-11-07,35.81982421875
2023-11-08,35.42465591430664
2023-11-09,34.794246673583984
2023-11-10,35.17060470581055
2023-11-13,35.217655181884766
2023-11-14,38.322593688964844
2023-11-15,38.962406158447266
2023-11-16,38.42609786987305
2023-11-17,39.075313568115234
2023-11-20,38.689544677734375
2023-11-21,37.814517974853516
2023-11-22,38.09678649902344
2023-11-24,38.41669845581055
2023-11-27,38.14383316040039
2023-11-28,37.814517974853516
2023-11-29,38.52959442138672
2023-11-30,38.811866760253906
2023-12-01,40.84419250488281
2023-12-04,41.68741989135742
2023-12-05,40.87261199951172
2023-12-06,41.280025482177734
2023-12-07,42.17061233520508
2023-12-08,42.22746276855469
2023-12-11,42.51169204711914
2023-12-12,41.9432258605957
2023-12-13,43.88547897338867
2023-12-14,45.19294738769531
2023-12-15,44.7666015625
2023-12-18,44.91819381713867
2023-12-19,45.941429138183594
2023-12-20,45.06977844238281
2023-12-21,45.31611633300781
2023-12-22,45.723514556884766
2023-12-26,46.49094772338867
2023-12-27,46.576210021972656
2023-12-28,46.76570510864258
2023-12-29,46.036170959472656
2024-01-02,45.91300582885742
2024-01-03,44.349727630615234
2024-01-04,44.046546936035156
2024-01-05,44.15076446533203
2024-01-08,44.60553741455078
2024-01-09,44.169715881347656
2024-01-10,44.160240173339844
2024-01-11,43.58230209350586
2024-01-12,43.193851470947266
2024-01-16,42.028499603271484
2024-01-17,42.22746276855469
2024-01-18,42.41695022583008
2024-01-19,43.506507873535156
2024-01-22,45.00345993041992
2024-01-23,44.21708297729492
2024-01-24,44.70975875854492
2024-01-25,44.52027130126953
2024-01-26,44.68133544921875
2024-01-29,45.325592041015625
2024-01-30,44.491851806640625
2024-01-31,42.739078521728516
2024-02-01,40.79682159423828
2024-02-02,40.85367202758789
2024-02-05,40.067298889160156
2024-02-06,39.84938430786133
2024-02-07,40.36100387573242
2024-02-08,40.171512603759766
2024-02-09,40.844200134277344
2024-02-12,41.89585876464844
2024-02-13,39.9725456237793
2024-02-14,40.51259231567383
2024-02-15,42.21798324584961
2024-02-16,41.554779052734375
2024-02-20,41.58319854736328
2024-02-21,41.573726654052734
2024-02-22,41.03368377685547
2024-02-23,40.82524871826172
2024-02-26,40.50312042236328
2024-02-27,40.815773010253906
2024-02-28,40.2188835144043
2024-02-29,41.30844497680664
2024-03-01,40.73997497558594
2024-03-04,40.6827278137207
2024-03-05,42.64817428588867
2024-03-06,42.40964889526367
2024-03-07,42.53368377685547
2024-03-08,42.438270568847656
2024-03-11,42.05663299560547
2024-03-12,41.48416519165039
2024-03-13,41.24564743041992
2024-03-14,40.05302810668945
2024-03-15,40.33925247192383
2024-03-18,39.909912109375
2024-03-19,40.110267639160156
2024-03-20,41.37921905517578
2024-03-21,42.00892639160156
2024-03-22,41.16931915283203
2024-03-25,41.43646240234375
2024-03-26,41.474632263183594
2024-03-27,43.63089370727539
2024-03-28,43.926666259765625
2024-04-01,42.848533630371094
2024-04-02,42.22836685180664
2024-04-03,41.93259811401367
2024-04-04,41.74177932739258
2024-04-05,41.87535095214844
2024-04-08,42.45735168457031
2024-04-09,43.00118637084961
2024-04-10,41.02620315551758
2024-04-11,41.16931915283203
2024-04-12,40.60640335083008
2024-04-15,40.64456558227539
2024-04-16,40.08164596557617
2024-04-17,40.701812744140625
2024-04-18,40.76859664916992
2024-04-19,42.2379150390625
2024-04-22,43.2015495300293
2024-04-23,43.88850021362305
2024-04-24,44.33692932128906
2024-04-25,44.060237884521484
2024-04-26,44.59453201293945
2024-04-29,44.41325378417969
2024-04-30,43.30650329589844
2024-05-01,44.21289825439453
2024-05-02,45.01433563232422
2024-05-03,45.38642883300781
2024-05-06,46.35961151123047
2024-05-07,46.063838958740234
2024-05-08,45.75852966308594
2024-05-09,45.567710876464844
2024-05-10,45.558170318603516
2024-05-13,45.243316650390625
2024-05-14,46.14017105102539
2024-05-15,46.35007095336914
2024-05-16,45.739444732666016
2024-05-17,45.663116455078125
2024-05-20,45.13836669921875
2024-05-21,45.109737396240234
2024-05-22,44.709022521972656
2024-05-23,43.80262756347656
2024-05-24,44.222434997558594
2024-05-28,43.75492477416992
2024-05-29,42.97256851196289
2024-05-30,43.89804458618164
2024-05-31,44.584991455078125
2024-06-03,43.75492477416992
2024-06-04,43.30650329589844
2024-06-05,43.4990119934082
2024-06-06,44.220951080322266
2024-06-07,44.750370025634766
2024-06-10,43.4990119934082
2024-06-11,43.0369758605957
2024-06-12,44.2305793762207
2024-06-13,43.23911666870117
2024-06-14,42.31503677368164
2024-06-17,43.133235931396484
2024-06-18,42.998470306396484
2024-06-20,43.085105895996094
2024-06-21,43.31612777709961
2024-06-24,44.08618927001953
2024-06-25,43.691532135009766
2024-06-26,44.21132278442383
2024-06-27,44.634857177734375
2024-06-28,46.040225982666016
2024-07-01,45.501182556152344
2024-07-02,45.70332336425781
2024-07-03,44.91400909423828
2024-07-05,44.11507034301758
2024-07-08,43.80704116821289
2024-07-09,44.82737350463867
2024-07-10,45.828460693359375
2024-07-11,48.00388717651367
2024-07-12,47.73436737060547
2024-07-15,49.1878662109375
2024-07-16,51.68095016479492
2024-07-17,52.4991455078125
2024-07-18,51.19965362548828
2024-07-19,51.62319564819336
2024-07-22,53.326961517333984
2024-07-23,54.039276123046875
2024-07-24,53.07668685913086
2024-07-25,54.289546966552734
2024-07-26,54.98259735107422
2024-07-29,53.47134780883789
2024-07-30,52.816795349121094
2024-07-31,52.68203353881836
2024-08-01,49.99643325805664
2024-08-02,48.129024505615234
2024-08-05,45.93434143066406
2024-08-06,46.078731536865234
2024-08-07,45.828460693359375
2024-08-08,46.887298583984375
2024-08-09,46.858421325683594
2024-08-12,45.92471694946289
2024-08-13,46.608150482177734
2024-08-14,46.377132415771484
2024-08-15,47.628482818603516
2024-08-16,47.90763473510742
2024-08-19,48.677696228027344
2024-08-20,47.88838195800781
2024-08-21,48.24453353881836
2024-08-22,48.54293441772461
2024-08-23,50.49697494506836
2024-08-26,50.39108657836914
2024-08-27,50.131195068359375
2024-08-28,51.10340118408203
2024-08-29,51.22854232788086
2024-08-30,51.719451904296875
2024-09-03,51.209285736083984
2024-09-04,50.53547668457031
2024-09-05,49.69160461425781
2024-09-06,48.47914123535156
2024-09-09,48.46944046020508
2024-09-10,47.82925796508789
2024-09-11,47.03388595581055
2024-09-12,47.1502799987793
2024-09-13,48.304542541503906
2024-09-16,48.55673599243164
2024-09-17,48.993221282958984
2024-09-18,49.26481628417969
2024-09-19,50.690670013427734
2024-09-20,49.885597229003906
2024-09-23,49.80799865722656
2024-09-24,49.15811538696289
2024-09-25,48.40154266357422
2024-09-26,49.75949478149414
2024-09-27,48.91562271118164
2024-09-30,49.63340377807617
2024-10-01,47.72256088256836
2024-10-02,47.644962310791016
2024-10-03,48.1202507019043
2024-10-04,49.20661544799805
2024-10-07,49.21631622314453
2024-10-08,48.614933013916016
2024-10-09,49.293914794921875
2024-10-10,49.468509674072266
2024-10-11,50.923465728759766
2024-10-14,51.44725036621094
2024-10-15,52.155330657958984
2024-10-16,51.71883773803711
2024-10-17,51.86433792114258
2024-10-18,50.61307144165039
2024-10-21,49.42970657348633
2024-10-22,50.13779067993164
2024-10-23,49.788597106933594
2024-10-24,50.22508239746094
2024-10-25,50.04079055786133
2024-10-28,51.47634506225586
2024-10-29,50.923465728759766
2024-10-30,51.544246673583984
2024-10-31,50.516082763671875
2024-11-01,50.47727966308594
2024-11-04,49.846797943115234
2024-11-05,51.01076126098633
2024-11-06,59.07122039794922
2024-11-07,56.7432861328125
2024-11-08,56.869384765625
2024-11-11,58.44073486328125
2024-11-12,58.29524230957031
2024-11-13,57.99454879760742
2024-11-14,57.6259651184082
2024-11-15,56.69478988647461
2024-11-18,55.74422073364258
2024-11-19,55.482330322265625
2024-11-20,55.55023193359375
2024-11-21,56.161312103271484
2024-11-22,58.16914749145508
2024-11-25,59.20701217651367
2024-11-26,58.528038024902344
2024-11-27,58.140045166015625
2024-11-29,57.596866607666016
2024-12-02,57.732662200927734
2024-12-03,56.85968780517578
2024-12-04,57.771453857421875
2024-12-05,57.16600799560547
2024-12-06,57.58591842651367
2024-12-09,56.873050689697266
2024-12-10,56.78516387939453
2024-12-11,56.951171875
2024-12-12,56.335960388183594
2024-12-13,56.42384719848633
2024-12-16,57.107418060302734
2024-12-17,55.63286209106445
2024-12-18,52.429840087890625
2024-12-19,52.00017166137695
2024-12-20,53.1036491394043
2024-12-23,53.4454345703125
2024-12-24,53.96299362182617
2024-12-26,54.12900161743164
2024-12-27,53.56261444091797
2024-12-30,53.4259033203125
2024-12-31,53.4356689453125
2025-01-02,52.752098083496094
2025-01-03,53.97275924682617
2025-01-06,54.431732177734375
2025-01-07,53.84580993652344
2025-01-08,54.324310302734375
2025-01-10,53.3184814453125
2025-01-13,54.168067932128906
2025-01-14,56.277366638183594
2025-01-15,58.064414978027344
2025-01-16,57.087886810302734
2025-01-17,57.71286392211914
2025-01-21,59.31437301635742
2025-01-22,58.31831359863281
2025-01-23,58.01559066772461
2025-01-24,57.58591842651367
2025-01-27,58.05465316772461
2025-01-28,58.20112609863281
2025-01-29,58.005821228027344
2025-01-30,58.55268096923828
2025-01-31,58.33784866333008
2025-02-03,57.45896530151367
2025-02-04,58.67962646484375
2025-02-05,59.09953689575195
2025-02-06,59.59756851196289
2025-02-07,58.874935150146484
2025-02-10,58.45502853393555
2025-02-11,58.855403900146484
2025-02-12,57.71286392211914
2025-02-13,58.71868896484375
2025-02-14,58.52338409423828
2025-02-18,58.37690734863281
2025-02-19,57.4492073059082
2025-02-20,56.75586700439453
2025-02-21,55.48637771606445
2025-02-24,54.76374816894531
2025-02-25,54.98834991455078
2025-02-26,54.87116241455078
2025-02-27,54.90046310424805
2025-02-28,55.78910827636719
2025-03-03,55.095767974853516
2025-03-04,53.2110710144043
2025-03-05,52.86643600463867
2025-03-06,52.23625183105469
2025-03-07,52.18701934814453
2025-03-10,49.725364685058594
2025-03-11,49.045955657958984
2025-03-12,49.5875129699707
2025-03-13,48.849021911621094
2025-03-14,50.424476623535156
2025-03-17,50.61156463623047
2025-03-18,50.78880310058594
2025-03-19,51.53714370727539
2025-03-20,51.18266296386719
2025-03-21,51.49775695800781
2025-03-24,53.42769241333008
2025-03-25,53.00429153442383
2025-03-26,53.270145416259766
2025-03-27,52.72858428955078
2025-03-28,51.06450653076172
2025-03-31,51.64545822143555
2025-04-01,51.06450653076172
2025-04-02,52.1574821472168
2025-04-03,46.80092239379883
2025-04-04,45.343624114990234
2025-04-07,45.41255187988281
2025-04-08,45.491329193115234
2025-04-09,49.22319030761719
2025-04-10,45.904884338378906
2025-04-11,45.89503860473633
2025-04-14,46.89939498901367
2025-04-15,47.94313049316406
2025-04-16,47.77574157714844
2025-04-17,47.90374755859375
2025-04-21,47.440956115722656
2025-04-22,49.19364929199219
2025-04-23,50.05030822753906
2025-04-24,51.49775695800781
2025-04-25,51.21220397949219
2025-04-28,51.389442443847656
2025-04-29,52.05901336669922
2025-04-30,51.290977478027344
2025-05-01,51.901466369628906
2025-05-02,53.25045394897461
2025-05-05,53.11259841918945
2025-05-06,52.55134201049805
2025-05-07,52.964900970458984
2025-05-08,54.20557403564453
2025-05-09,53.841251373291016
2025-05-12,56.69676971435547
2025-05-13,57.139862060546875
2025-05-14,56.44075393676758
2025-05-15,56.12566375732422
2025-05-16,55.899192810058594
2025-05-19,56.01734924316406
2025-05-20,55.57425308227539
2025-05-21,53.703399658203125
2025-05-22,54.00864028930664
2025-05-23,53.4178466796875
2025-05-27,54.973609924316406
2025-05-28,53.92987060546875
2025-05-29,54.31388473510742
2025-05-30,53.83140182495117
2025-06-02,53.4473876953125
2025-06-03,54.27450180053711
2025-06-04,53.28984069824219
2025-06-05,52.86288833618164
2025-06-06,54.12388610839844
2025-06-09,54.570701599121094
2025-06-10,55.18631362915039
2025-06-11,54.52105712890625
2025-06-12,54.80900192260742
2025-06-13,53.3990592956543
2025-06-16,53.547996520996094
2025-06-17,52.80331039428711
2025-06-18,53.23026657104492
2025-06-20,53.557926177978516
2025-06-23,54.96786880493164
2025-06-24,55.74234390258789
2025-06-25,55.513973236083984
2025-06-26,57.03313446044922
2025-06-27,57.24164962768555
2025-06-30,56.9934196472168
2025-07-01,58.889892578125
2025-07-02,60.08138656616211
2025-07-03,60.63742446899414
2025-07-07,59.52535629272461
2025-07-08,60.33955001831055
2025-07-09,60.8459358215332
2025-07-10,61.40196990966797
2025-07-11,59.15797805786133
2025-07-14,59.80337142944336
2025-07-15,57.807613372802734
2025-07-16,58.999107360839844
2025-07-17,59.81330490112305
2025-07-18,59.783512115478516
2025-07-21,59.95231246948242
2025-07-22,60.39912414550781
2025-07-23,60.87572479248047
2025-07-24,60.08138656616211
2025-07-25,60.42890930175781
2025-07-28,60.26011276245117
2025-07-29,60.07146072387695
2025-07-30,59.8232307434082
2025-07-31,59.2969856262207
2025-08-01,57.231719970703125
2025-08-04,58.472862243652344
2025-08-05,58.3934326171875
2025-08-06,58.194847106933594
2025-08-07,57.2217903137207
2025-08-08,57.837398529052734
2025-08-11,57.82746887207031
2025-08-12,59.8530158996582
2025-08-13,60.82607650756836
2025-08-14,60.796287536621094
2025-08-15,59.43599319458008
2025-08-18,60.250186920166016
2025-08-19,60.14096450805664
2025-08-20,60.031742095947266
2025-08-21,59.8530158996582
2025-08-22,63.040283203125
2025-08-25,62.236019134521484
2025-08-26,63.089927673339844
2025-08-27,63.070068359375
2025-08-28,62.67290115356445
2025-08-29,62.47431564331055
2025-09-02,61.818992614746094
2025-09-03,61.908355712890625
2025-09-04,63.07999801635742
2025-09-05,62.720001220703125
2025-09-08,62.900001525878906
2025-09-09,62.66999816894531
2025-09-10,63.15999984741211
2025-09-11,63.470001220703125
2025-09-12,63.220001220703125
2025-09-15,63.06999969482422
2025-09-16,62.59000015258789
2025-09-17,63.119998931884766
2025-09-18,64.30999755859375
2025-09-19,63.66999816894531
