Date,RH
2012-11-02,31.100000381469727
2012-11-05,33.29999923706055
2012-11-06,33.29999923706055
2012-11-07,32.45000076293945
2012-11-08,33.08000183105469
2012-11-09,32.130001068115234
2012-11-12,32.2400016784668
2012-11-13,32.40999984741211
2012-11-14,33.38999938964844
2012-11-15,33.630001068115234
2012-11-16,34.45000076293945
2012-11-19,34.56999969482422
2012-11-20,35.08000183105469
2012-11-21,35.119998931884766
2012-11-23,35.4900016784668
2012-11-26,37.9900016784668
2012-11-27,35.779998779296875
2012-11-28,36.900001525878906
2012-11-29,37.0
2012-11-30,36.900001525878906
2012-12-03,36.7400016784668
2012-12-04,36.70000076293945
2012-12-05,36.0
2012-12-06,36.720001220703125
2012-12-07,36.7400016784668
2012-12-10,36.5
2012-12-11,36.060001373291016
2012-12-12,36.689998626708984
2012-12-13,34.900001525878906
2012-12-14,34.5099983215332
2012-12-17,33.720001220703125
2012-12-18,32.70000076293945
2012-12-19,32.970001220703125
2012-12-20,32.0
2012-12-21,31.489999771118164
2012-12-24,32.349998474121094
2012-12-26,32.369998931884766
2012-12-27,32.7599983215332
2012-12-28,33.88999938964844
2012-12-31,33.72999954223633
2013-01-02,33.22999954223633
2013-01-03,34.38999938964844
2013-01-04,34.290000915527344
2013-01-07,32.970001220703125
2013-01-08,32.189998626708984
2013-01-09,33.04999923706055
2013-01-10,32.779998779296875
2013-01-11,32.81999969482422
2013-01-14,32.79999923706055
2013-01-15,32.54999923706055
2013-01-16,32.29999923706055
2013-01-17,33.97999954223633
2013-01-18,35.15999984741211
2013-01-22,35.72999954223633
2013-01-23,35.70000076293945
2013-01-24,36.22999954223633
2013-01-25,36.08000183105469
2013-01-28,35.84000015258789
2013-01-29,36.09000015258789
2013-01-30,36.130001068115234
2013-01-31,36.0
2013-02-01,36.22999954223633
2013-02-04,36.38999938964844
2013-02-05,37.5099983215332
2013-02-06,38.91999816894531
2013-02-07,38.95000076293945
2013-02-08,39.08000183105469
2013-02-11,39.16999816894531
2013-02-12,39.529998779296875
2013-02-13,39.439998626708984
2013-02-14,38.84000015258789
2013-02-15,38.34000015258789
2013-02-19,38.83000183105469
2013-02-20,38.060001373291016
2013-02-21,36.779998779296875
2013-02-22,37.0099983215332
2013-02-25,35.650001525878906
2013-02-26,36.209999084472656
2013-02-27,36.45000076293945
2013-02-28,38.61000061035156
2013-03-01,37.560001373291016
2013-03-04,39.439998626708984
2013-03-05,39.54999923706055
2013-03-06,39.58000183105469
2013-03-07,39.54999923706055
2013-03-08,38.56999969482422
2013-03-11,38.75
2013-03-12,38.310001373291016
2013-03-13,37.849998474121094
2013-03-14,38.29999923706055
2013-03-15,37.0
2013-03-18,36.65999984741211
2013-03-19,35.790000915527344
2013-03-20,34.75
2013-03-21,34.91999816894531
2013-03-22,34.959999084472656
2013-03-25,35.099998474121094
2013-03-26,35.529998779296875
2013-03-27,34.95000076293945
2013-03-28,35.0
2013-04-01,35.029998779296875
2013-04-02,36.06999969482422
2013-04-03,34.45000076293945
2013-04-04,34.45000076293945
2013-04-05,33.779998779296875
2013-04-08,34.099998474121094
2013-04-09,34.150001525878906
2013-04-10,34.93000030517578
2013-04-11,34.16999816894531
2013-04-12,34.939998626708984
2013-04-15,34.689998626708984
2013-04-16,34.72999954223633
2013-04-17,34.349998474121094
2013-04-18,32.75
2013-04-19,38.0
2013-04-22,38.77000045776367
2013-04-23,38.77000045776367
2013-04-24,38.279998779296875
2013-04-25,38.33000183105469
2013-04-26,38.25
2013-04-29,38.31999969482422
2013-04-30,38.95000076293945
2013-05-01,38.72999954223633
2013-05-02,39.0
2013-05-03,38.790000915527344
2013-05-06,39.599998474121094
2013-05-07,39.54999923706055
2013-05-08,39.619998931884766
2013-05-09,40.25
2013-05-10,47.869998931884766
2013-05-13,51.130001068115234
2013-05-14,52.45000076293945
2013-05-15,53.04999923706055
2013-05-16,52.0
2013-05-17,54.150001525878906
2013-05-20,55.95000076293945
2013-05-21,55.349998474121094
2013-05-22,53.619998931884766
2013-05-23,54.68000030517578
2013-05-24,54.75
2013-05-28,53.869998931884766
2013-05-29,52.959999084472656
2013-05-30,55.31999969482422
2013-05-31,55.869998931884766
2013-06-03,55.95000076293945
2013-06-04,57.189998626708984
2013-06-05,56.70000076293945
2013-06-06,56.54999923706055
2013-06-07,56.709999084472656
2013-06-10,55.9900016784668
2013-06-11,56.36000061035156
2013-06-12,57.5
2013-06-13,58.959999084472656
2013-06-14,68.47000122070312
2013-06-17,71.91999816894531
2013-06-18,70.68000030517578
2013-06-19,71.06999969482422
2013-06-20,71.06999969482422
2013-06-21,71.27999877929688
2013-06-24,72.29000091552734
2013-06-25,72.9000015258789
2013-06-26,74.02999877929688
2013-06-27,74.2699966430664
2013-06-28,75.0
2013-07-01,75.66999816894531
2013-07-02,75.43000030517578
2013-07-03,75.93000030517578
2013-07-05,74.6500015258789
2013-07-08,75.76000213623047
2013-07-09,77.18000030517578
2013-07-10,75.23999786376953
2013-07-11,71.33000183105469
2013-07-12,68.5999984741211
2013-07-15,69.8499984741211
2013-07-16,69.30000305175781
2013-07-17,68.66000366210938
2013-07-18,68.20999908447266
2013-07-19,67.66999816894531
2013-07-22,68.3499984741211
2013-07-23,67.83999633789062
2013-07-24,66.72000122070312
2013-07-25,67.4800033569336
2013-07-26,66.68000030517578
2013-07-29,65.27999877929688
2013-07-30,66.44999694824219
2013-07-31,66.81999969482422
2013-08-01,69.19000244140625
2013-08-02,68.86000061035156
2013-08-05,69.3499984741211
2013-08-06,67.55999755859375
2013-08-07,65.80000305175781
2013-08-08,66.18000030517578
2013-08-09,66.4800033569336
2013-08-12,67.93000030517578
2013-08-13,67.88999938964844
2013-08-14,68.0
2013-08-15,66.7300033569336
2013-08-16,67.44999694824219
2013-08-19,68.37000274658203
2013-08-20,68.4000015258789
2013-08-21,68.7699966430664
2013-08-22,70.1500015258789
2013-08-23,70.37000274658203
2013-08-26,71.76000213623047
2013-08-27,69.54000091552734
2013-08-28,69.19999694824219
2013-08-29,70.31999969482422
2013-08-30,69.52999877929688
2013-09-03,69.63999938964844
2013-09-04,70.30000305175781
2013-09-05,71.87999725341797
2013-09-06,74.62000274658203
2013-09-09,76.80000305175781
2013-09-10,76.05999755859375
2013-09-11,67.04000091552734
2013-09-12,68.66000366210938
2013-09-13,69.70999908447266
2013-09-16,68.73999786376953
2013-09-17,68.4000015258789
2013-09-18,65.87999725341797
2013-09-19,64.6500015258789
2013-09-20,62.849998474121094
2013-09-23,61.91999816894531
2013-09-24,64.41000366210938
2013-09-25,65.26000213623047
2013-09-26,65.98999786376953
2013-09-27,65.4800033569336
2013-09-30,63.349998474121094
2013-10-01,62.560001373291016
2013-10-02,64.9800033569336
2013-10-03,64.93000030517578
2013-10-04,65.73999786376953
2013-10-07,64.18000030517578
2013-10-08,60.65999984741211
2013-10-09,60.52000045776367
2013-10-10,61.90999984741211
2013-10-11,63.0099983215332
2013-10-14,63.459999084472656
2013-10-15,61.31999969482422
2013-10-16,63.68000030517578
2013-10-17,65.02999877929688
2013-10-18,65.83000183105469
2013-10-21,64.30999755859375
2013-10-22,65.3499984741211
2013-10-23,66.9000015258789
2013-10-24,70.20999908447266
2013-10-25,70.0
2013-10-28,70.1500015258789
2013-10-29,70.83000183105469
2013-10-30,71.44000244140625
2013-10-31,69.73999786376953
2013-11-01,68.58999633789062
2013-11-04,70.47000122070312
2013-11-05,70.56999969482422
2013-11-06,70.33000183105469
2013-11-07,70.01000213623047
2013-11-08,72.63999938964844
2013-11-11,74.33000183105469
2013-11-12,73.4800033569336
2013-11-13,74.7699966430664
2013-11-14,74.61000061035156
2013-11-15,75.22000122070312
2013-11-18,73.06999969482422
2013-11-19,72.98999786376953
2013-11-20,70.6500015258789
2013-11-21,74.7699966430664
2013-11-22,75.55000305175781
2013-11-25,73.56999969482422
2013-11-26,75.56999969482422
2013-11-27,76.25
2013-11-29,75.5
2013-12-02,73.02999877929688
2013-12-03,73.16000366210938
2013-12-04,73.95999908447266
2013-12-05,74.0199966430664
2013-12-06,72.5199966430664
2013-12-09,67.38999938964844
2013-12-10,68.79000091552734
2013-12-11,66.04000091552734
2013-12-12,65.2699966430664
2013-12-13,65.25
2013-12-16,64.05999755859375
2013-12-17,63.59000015258789
2013-12-18,65.05000305175781
2013-12-19,64.83000183105469
2013-12-20,67.6500015258789
2013-12-23,65.58999633789062
2013-12-24,65.69999694824219
2013-12-26,65.37000274658203
2013-12-27,64.63999938964844
2013-12-30,65.08000183105469
2013-12-31,67.30000305175781
2014-01-02,67.31999969482422
2014-01-03,68.30000305175781
2014-01-06,67.68000030517578
2014-01-07,67.41000366210938
2014-01-08,65.91000366210938
2014-01-09,64.30000305175781
2014-01-10,63.4900016784668
2014-01-13,61.61000061035156
2014-01-14,61.439998626708984
2014-01-15,57.779998779296875
2014-01-16,57.150001525878906
2014-01-17,57.7400016784668
2014-01-21,58.0099983215332
2014-01-22,58.560001373291016
2014-01-23,58.63999938964844
2014-01-24,58.970001220703125
2014-01-27,58.2599983215332
2014-01-28,57.439998626708984
2014-01-29,54.959999084472656
2014-01-30,56.38999938964844
2014-01-31,56.7400016784668
2014-02-03,54.849998474121094
2014-02-04,56.27000045776367
2014-02-05,55.959999084472656
2014-02-06,56.09000015258789
2014-02-07,59.77000045776367
2014-02-10,60.540000915527344
2014-02-11,61.029998779296875
2014-02-12,58.81999969482422
2014-02-13,58.779998779296875
2014-02-14,57.650001525878906
2014-02-18,57.34000015258789
2014-02-19,60.16999816894531
2014-02-20,60.709999084472656
2014-02-21,63.560001373291016
2014-02-24,63.66999816894531
2014-02-25,64.06999969482422
2014-02-26,65.9000015258789
2014-02-27,65.75
2014-02-28,67.72000122070312
2014-03-03,64.20999908447266
2014-03-04,65.18000030517578
2014-03-05,66.47000122070312
2014-03-06,65.5
2014-03-07,64.66000366210938
2014-03-10,65.05999755859375
2014-03-11,65.69999694824219
2014-03-12,66.37000274658203
2014-03-13,66.30999755859375
2014-03-14,65.62999725341797
2014-03-17,66.47000122070312
2014-03-18,65.9000015258789
2014-03-19,64.44000244140625
2014-03-20,64.77999877929688
2014-03-21,64.3499984741211
2014-03-24,63.060001373291016
2014-03-25,62.650001525878906
2014-03-26,63.459999084472656
2014-03-27,63.810001373291016
2014-03-28,71.93000030517578
2014-03-31,73.58999633789062
2014-04-01,75.16000366210938
2014-04-02,73.0199966430664
2014-04-03,71.48999786376953
2014-04-04,71.2300033569336
2014-04-07,67.54000091552734
2014-04-08,67.91999816894531
2014-04-09,68.83000183105469
2014-04-10,65.72000122070312
2014-04-11,66.87000274658203
2014-04-14,65.12999725341797
2014-04-15,63.720001220703125
2014-04-16,65.37000274658203
2014-04-17,63.66999816894531
2014-04-21,62.650001525878906
2014-04-22,63.5
2014-04-23,62.56999969482422
2014-04-24,62.619998931884766
2014-04-25,61.75
2014-04-28,59.95000076293945
2014-04-29,60.54999923706055
2014-04-30,62.38999938964844
2014-05-01,63.66999816894531
2014-05-02,63.349998474121094
2014-05-05,64.58999633789062
2014-05-06,62.810001373291016
2014-05-07,61.70000076293945
2014-05-08,61.29999923706055
2014-05-09,62.0099983215332
2014-05-12,64.7300033569336
2014-05-13,64.25
2014-05-14,63.0099983215332
2014-05-15,62.29999923706055
2014-05-16,64.58999633789062
2014-05-19,63.61000061035156
2014-05-20,62.84000015258789
2014-05-21,62.540000915527344
2014-05-22,65.73999786376953
2014-05-23,66.72000122070312
2014-05-27,66.1500015258789
2014-05-28,66.08000183105469
2014-05-29,65.95999908447266
2014-05-30,66.4800033569336
2014-06-02,64.08999633789062
2014-06-03,66.22000122070312
2014-06-04,67.30000305175781
2014-06-05,66.93000030517578
2014-06-06,68.23999786376953
2014-06-09,70.05000305175781
2014-06-10,69.38999938964844
2014-06-11,71.3499984741211
2014-06-12,80.4000015258789
2014-06-13,80.72000122070312
2014-06-16,83.5199966430664
2014-06-17,86.25
2014-06-18,85.98999786376953
2014-06-19,88.51000213623047
2014-06-20,90.19999694824219
2014-06-23,89.58000183105469
2014-06-24,87.05999755859375
2014-06-25,89.30000305175781
2014-06-26,91.23999786376953
2014-06-27,92.37000274658203
2014-06-30,93.05000305175781
2014-07-01,91.25
2014-07-02,88.70999908447266
2014-07-03,89.91999816894531
2014-07-07,86.83999633789062
2014-07-08,87.33000183105469
2014-07-09,86.55999755859375
2014-07-10,84.77999877929688
2014-07-11,85.18000030517578
2014-07-14,85.25
2014-07-15,84.62000274658203
2014-07-16,86.7300033569336
2014-07-17,82.7699966430664
2014-07-18,85.2699966430664
2014-07-21,84.51000213623047
2014-07-22,85.36000061035156
2014-07-23,87.80999755859375
2014-07-24,87.27999877929688
2014-07-25,84.27999877929688
2014-07-28,84.7300033569336
2014-07-29,84.80999755859375
2014-07-30,84.01000213623047
2014-07-31,81.79000091552734
2014-08-01,82.13999938964844
2014-08-04,82.86000061035156
2014-08-05,81.87999725341797
2014-08-06,81.9000015258789
2014-08-07,81.6500015258789
2014-08-08,83.44999694824219
2014-08-11,84.33000183105469
2014-08-12,82.75
2014-08-13,83.45999908447266
2014-08-14,84.94000244140625
2014-08-15,82.69999694824219
2014-08-18,83.91999816894531
2014-08-19,87.2300033569336
2014-08-20,87.55000305175781
2014-08-21,86.87000274658203
2014-08-22,88.45999908447266
2014-08-25,88.0
2014-08-26,88.38999938964844
2014-08-27,87.66999816894531
2014-08-28,84.55000305175781
2014-08-29,83.87000274658203
2014-09-02,82.94000244140625
2014-09-03,82.01000213623047
2014-09-04,80.73999786376953
2014-09-05,81.70999908447266
2014-09-08,81.30000305175781
2014-09-09,82.01000213623047
2014-09-10,82.05000305175781
2014-09-11,79.98999786376953
2014-09-12,80.6500015258789
2014-09-15,77.05000305175781
2014-09-16,77.81999969482422
2014-09-17,77.95999908447266
2014-09-18,77.58000183105469
2014-09-19,77.56999969482422
2014-09-22,77.4000015258789
2014-09-23,79.75
2014-09-24,81.76000213623047
2014-09-25,80.25
2014-09-26,80.30999755859375
2014-09-29,80.76000213623047
2014-09-30,79.55000305175781
2014-10-01,77.72000122070312
2014-10-02,79.30000305175781
2014-10-03,82.0
2014-10-06,81.5
2014-10-07,79.80999755859375
2014-10-08,82.31999969482422
2014-10-09,80.80000305175781
2014-10-10,77.5999984741211
2014-10-13,73.30999755859375
2014-10-14,72.62999725341797
2014-10-15,74.9800033569336
2014-10-16,76.41999816894531
2014-10-17,74.54000091552734
2014-10-20,75.7300033569336
2014-10-21,78.05999755859375
2014-10-22,75.33999633789062
2014-10-23,76.7699966430664
2014-10-24,77.44999694824219
2014-10-27,76.88999938964844
2014-10-28,78.26000213623047
2014-10-29,76.94000244140625
2014-10-30,77.68000030517578
2014-10-31,80.31999969482422
2014-11-03,80.20999908447266
2014-11-04,78.36000061035156
2014-11-05,78.29000091552734
2014-11-06,78.0
2014-11-07,77.5999984741211
2014-11-10,77.87000274658203
2014-11-11,79.2300033569336
2014-11-12,82.06999969482422
2014-11-13,82.02999877929688
2014-11-14,82.7300033569336
2014-11-17,82.98999786376953
2014-11-18,81.30000305175781
2014-11-19,81.87999725341797
2014-11-20,87.4800033569336
2014-11-21,84.73999786376953
2014-11-24,85.4000015258789
2014-11-25,84.51000213623047
2014-11-26,83.73999786376953
2014-11-28,84.47000122070312
2014-12-01,82.93000030517578
2014-12-02,84.13999938964844
2014-12-03,84.25
2014-12-04,82.9800033569336
2014-12-05,85.18000030517578
2014-12-08,86.27999877929688
2014-12-09,86.4000015258789
2014-12-10,86.18000030517578
2014-12-11,93.98999786376953
2014-12-12,93.58999633789062
2014-12-15,95.0
2014-12-16,95.08999633789062
2014-12-17,96.56999969482422
2014-12-18,99.06999969482422
2014-12-19,96.4000015258789
2014-12-22,95.94999694824219
2014-12-23,97.12999725341797
2014-12-24,96.97000122070312
2014-12-26,96.0
2014-12-29,97.94000244140625
2014-12-30,96.76000213623047
2014-12-31,96.01000213623047
2015-01-02,95.13999938964844
2015-01-05,95.29000091552734
2015-01-06,91.91000366210938
2015-01-07,93.69000244140625
2015-01-08,94.8499984741211
2015-01-09,93.62000274658203
2015-01-12,94.13999938964844
2015-01-13,93.44999694824219
2015-01-14,93.16999816894531
2015-01-15,89.19000244140625
2015-01-16,90.80000305175781
2015-01-20,90.5199966430664
2015-01-21,91.8499984741211
2015-01-22,90.58000183105469
2015-01-23,91.62999725341797
2015-01-26,93.19999694824219
2015-01-27,92.05000305175781
2015-01-28,91.91000366210938
2015-01-29,92.98999786376953
2015-01-30,87.52999877929688
2015-02-02,89.08999633789062
2015-02-03,91.94999694824219
2015-02-04,92.72000122070312
2015-02-05,87.41000366210938
2015-02-06,86.73999786376953
2015-02-09,85.54000091552734
2015-02-10,87.61000061035156
2015-02-11,89.87000274658203
2015-02-12,88.31999969482422
2015-02-13,86.7699966430664
2015-02-17,85.7300033569336
2015-02-18,86.62000274658203
2015-02-19,85.06999969482422
2015-02-20,87.12999725341797
2015-02-23,85.63999938964844
2015-02-24,85.18000030517578
2015-02-25,84.8499984741211
2015-02-26,85.97000122070312
2015-02-27,88.0999984741211
2015-03-02,90.20999908447266
2015-03-03,88.7699966430664
2015-03-04,91.43000030517578
2015-03-05,90.58999633789062
2015-03-06,89.94000244140625
2015-03-09,90.72000122070312
2015-03-10,87.91000366210938
2015-03-11,88.66000366210938
2015-03-12,90.9800033569336
2015-03-13,92.5
2015-03-16,92.20999908447266
2015-03-17,92.19000244140625
2015-03-18,91.70999908447266
2015-03-19,90.73999786376953
2015-03-20,93.75
2015-03-23,92.87000274658203
2015-03-24,93.86000061035156
2015-03-25,92.20999908447266
2015-03-26,93.13999938964844
2015-03-27,96.91999816894531
2015-03-30,99.06999969482422
2015-03-31,99.19000244140625
2015-04-01,95.72000122070312
2015-04-02,95.02999877929688
2015-04-06,94.0199966430664
2015-04-07,93.80999755859375
2015-04-08,93.91000366210938
2015-04-09,92.43000030517578
2015-04-10,92.08000183105469
2015-04-13,93.11000061035156
2015-04-14,92.69999694824219
2015-04-15,92.88999938964844
2015-04-16,91.80000305175781
2015-04-17,89.5199966430664
2015-04-20,89.79000091552734
2015-04-21,90.44999694824219
2015-04-22,90.37000274658203
2015-04-23,91.69000244140625
2015-04-24,91.88999938964844
2015-04-27,91.62000274658203
2015-04-28,90.91999816894531
2015-04-29,87.55999755859375
2015-04-30,86.16999816894531
2015-05-01,87.3499984741211
2015-05-04,88.06999969482422
2015-05-05,86.93000030517578
2015-05-06,87.30999755859375
2015-05-07,87.9800033569336
2015-05-08,89.27999877929688
2015-05-11,89.7699966430664
2015-05-12,88.13999938964844
2015-05-13,88.72000122070312
2015-05-14,88.1500015258789
2015-05-15,89.30000305175781
2015-05-18,90.68000030517578
2015-05-19,90.08999633789062
2015-05-20,91.80000305175781
2015-05-21,92.04000091552734
2015-05-22,92.05000305175781
2015-05-26,90.66999816894531
2015-05-27,91.88999938964844
2015-05-28,92.58000183105469
2015-05-29,90.95999908447266
2015-06-01,91.27999877929688
2015-06-02,91.76000213623047
2015-06-03,92.23999786376953
2015-06-04,91.80000305175781
2015-06-05,91.91000366210938
2015-06-08,93.77999877929688
2015-06-09,94.1500015258789
2015-06-10,95.81999969482422
2015-06-11,94.83000183105469
2015-06-12,96.22000122070312
2015-06-15,95.91999816894531
2015-06-16,95.23999786376953
2015-06-17,94.5
2015-06-18,95.88999938964844
2015-06-19,96.2300033569336
2015-06-22,96.05000305175781
2015-06-23,95.45999908447266
2015-06-24,96.06999969482422
2015-06-25,95.69999694824219
2015-06-26,99.3499984741211
2015-06-29,96.0
2015-06-30,97.62999725341797
2015-07-01,98.0
2015-07-02,97.51000213623047
2015-07-06,99.2699966430664
2015-07-07,97.8499984741211
2015-07-08,96.5999984741211
2015-07-09,97.41999816894531
2015-07-10,98.29000091552734
2015-07-13,99.0999984741211
2015-07-14,99.12000274658203
2015-07-15,99.4800033569336
2015-07-16,103.7300033569336
2015-07-17,104.12999725341797
2015-07-20,103.12000274658203
2015-07-21,102.83000183105469
2015-07-22,105.62999725341797
2015-07-23,104.77999877929688
2015-07-24,104.0199966430664
2015-07-27,103.29000091552734
2015-07-28,102.70999908447266
2015-07-29,102.44999694824219
2015-07-30,101.33000183105469
2015-07-31,101.45999908447266
2015-08-03,101.80000305175781
2015-08-04,103.19999694824219
2015-08-05,103.69000244140625
2015-08-06,100.87000274658203
2015-08-07,99.55999755859375
2015-08-10,100.11000061035156
2015-08-11,99.72000122070312
2015-08-12,99.4000015258789
2015-08-13,100.51000213623047
2015-08-14,102.37999725341797
2015-08-17,100.44999694824219
2015-08-18,100.01000213623047
2015-08-19,99.05000305175781
2015-08-20,96.68000030517578
2015-08-21,94.97000122070312
2015-08-24,91.61000061035156
2015-08-25,92.83000183105469
2015-08-26,93.7699966430664
2015-08-27,92.9000015258789
2015-08-28,91.93000030517578
2015-08-31,92.4800033569336
2015-09-01,91.33000183105469
2015-09-02,93.37999725341797
2015-09-03,92.66000366210938
2015-09-04,91.97000122070312
2015-09-08,94.16000366210938
2015-09-09,92.52999877929688
2015-09-10,91.05999755859375
2015-09-11,99.55000305175781
2015-09-14,98.05999755859375
2015-09-15,98.69000244140625
2015-09-16,99.5999984741211
2015-09-17,101.19000244140625
2015-09-18,100.11000061035156
2015-09-21,100.52999877929688
2015-09-22,99.86000061035156
2015-09-23,101.30999755859375
2015-09-24,99.6500015258789
2015-09-25,97.06999969482422
2015-09-28,92.70999908447266
2015-09-29,92.31999969482422
2015-09-30,93.30999755859375
2015-10-01,92.91000366210938
2015-10-02,93.51000213623047
2015-10-05,95.33999633789062
2015-10-06,93.4800033569336
2015-10-07,95.66000366210938
2015-10-08,96.94000244140625
2015-10-09,96.01000213623047
2015-10-12,97.66999816894531
2015-10-13,97.77999877929688
2015-10-14,96.7300033569336
2015-10-15,99.93000030517578
2015-10-16,101.27999877929688
2015-10-19,101.62999725341797
2015-10-20,100.25
2015-10-21,98.08000183105469
2015-10-22,98.37000274658203
2015-10-23,97.4000015258789
2015-10-26,99.95999908447266
2015-10-27,99.3499984741211
2015-10-28,102.37999725341797
2015-10-29,101.88999938964844
2015-10-30,103.08999633789062
2015-11-02,105.63999938964844
2015-11-03,105.44000244140625
2015-11-04,104.72000122070312
2015-11-05,105.01000213623047
2015-11-06,102.7699966430664
2015-11-09,101.83999633789062
2015-11-10,101.37000274658203
2015-11-11,100.70999908447266
2015-11-12,99.08999633789062
2015-11-13,92.56999969482422
2015-11-16,91.48999786376953
2015-11-17,89.72000122070312
2015-11-18,91.29000091552734
2015-11-19,90.26000213623047
2015-11-20,90.04000091552734
2015-11-23,92.43000030517578
2015-11-24,92.88999938964844
2015-11-25,93.25
2015-11-27,93.36000061035156
2015-11-30,89.87000274658203
2015-12-01,90.47000122070312
2015-12-02,90.79000091552734
2015-12-03,88.45999908447266
2015-12-04,92.37999725341797
2015-12-07,93.16999816894531
2015-12-08,92.33999633789062
2015-12-09,88.19999694824219
2015-12-10,87.58999633789062
2015-12-11,83.80999755859375
2015-12-14,78.6500015258789
2015-12-15,79.55999755859375
2015-12-16,80.80999755859375
2015-12-17,83.06999969482422
2015-12-18,80.16999816894531
2015-12-21,79.54000091552734
2015-12-22,79.16000366210938
2015-12-23,80.12999725341797
2015-12-24,79.98999786376953
2015-12-28,79.70999908447266
2015-12-29,80.54000091552734
2015-12-30,79.73999786376953
2015-12-31,79.44999694824219
2016-01-04,78.05000305175781
2016-01-05,77.9800033569336
2016-01-06,75.23999786376953
2016-01-07,72.66000366210938
2016-01-08,69.72000122070312
2016-01-11,69.08999633789062
2016-01-12,68.83000183105469
2016-01-13,66.23999786376953
2016-01-14,62.9900016784668
2016-01-15,64.19999694824219
2016-01-19,62.79999923706055
2016-01-20,61.5
2016-01-21,61.54999923706055
2016-01-22,63.7400016784668
2016-01-25,61.08000183105469
2016-01-26,61.79999923706055
2016-01-27,61.9900016784668
2016-01-28,60.220001220703125
2016-01-29,61.619998931884766
2016-02-01,59.4900016784668
2016-02-02,56.349998474121094
2016-02-03,55.40999984741211
2016-02-04,56.08000183105469
2016-02-05,51.709999084472656
2016-02-08,51.209999084472656
2016-02-09,50.810001373291016
2016-02-10,49.43000030517578
2016-02-11,47.20000076293945
2016-02-12,47.220001220703125
2016-02-16,51.93000030517578
2016-02-17,54.29999923706055
2016-02-18,51.83000183105469
2016-02-19,51.529998779296875
2016-02-22,51.290000915527344
2016-02-23,51.2599983215332
2016-02-24,51.91999816894531
2016-02-25,38.4900016784668
2016-02-26,40.43000030517578
2016-02-29,37.9900016784668
2016-03-01,37.099998474121094
2016-03-02,38.970001220703125
2016-03-03,39.119998931884766
2016-03-04,39.40999984741211
2016-03-07,38.970001220703125
2016-03-08,38.29999923706055
2016-03-09,38.040000915527344
2016-03-10,38.709999084472656
2016-03-11,40.029998779296875
2016-03-14,40.25
2016-03-15,39.619998931884766
2016-03-16,38.849998474121094
2016-03-17,36.650001525878906
2016-03-18,37.2400016784668
2016-03-21,38.529998779296875
2016-03-22,37.91999816894531
2016-03-23,36.79999923706055
2016-03-24,37.130001068115234
2016-03-28,38.59000015258789
2016-03-29,39.0099983215332
2016-03-30,40.560001373291016
2016-03-31,41.900001525878906
2016-04-01,43.77000045776367
2016-04-04,42.04999923706055
2016-04-05,43.36000061035156
2016-04-06,43.56999969482422
2016-04-07,41.900001525878906
2016-04-08,41.5099983215332
2016-04-11,41.689998626708984
2016-04-12,43.63999938964844
2016-04-13,45.779998779296875
2016-04-14,44.040000915527344
2016-04-15,43.9900016784668
2016-04-18,44.29999923706055
2016-04-19,44.15999984741211
2016-04-20,44.310001373291016
2016-04-21,44.52000045776367
2016-04-22,44.88999938964844
2016-04-25,43.29999923706055
2016-04-26,45.58000183105469
2016-04-27,46.130001068115234
2016-04-28,44.060001373291016
2016-04-29,43.27000045776367
2016-05-02,42.77000045776367
2016-05-03,41.41999816894531
2016-05-04,39.41999816894531
2016-05-05,38.63999938964844
2016-05-06,38.040000915527344
2016-05-09,37.400001525878906
2016-05-10,37.25
2016-05-11,34.599998474121094
2016-05-12,35.040000915527344
2016-05-13,33.09000015258789
2016-05-16,33.060001373291016
2016-05-17,32.75
2016-05-18,31.829999923706055
2016-05-19,31.010000228881836
2016-05-20,31.920000076293945
2016-05-23,31.600000381469727
2016-05-24,32.150001525878906
2016-05-25,33.02000045776367
2016-05-26,32.779998779296875
2016-05-27,33.540000915527344
2016-05-31,33.2599983215332
2016-06-01,34.060001373291016
2016-06-02,34.560001373291016
2016-06-03,34.029998779296875
2016-06-06,35.08000183105469
2016-06-07,35.380001068115234
2016-06-08,36.06999969482422
2016-06-09,28.40999984741211
2016-06-10,26.559999465942383
2016-06-13,25.68000030517578
2016-06-14,25.8799991607666
2016-06-15,26.25
2016-06-16,25.969999313354492
2016-06-17,25.989999771118164
2016-06-20,26.1200008392334
2016-06-21,25.770000457763672
2016-06-22,27.6200008392334
2016-06-23,27.920000076293945
2016-06-24,27.559999465942383
2016-06-27,25.389999389648438
2016-06-28,25.81999969482422
2016-06-29,28.049999237060547
2016-06-30,28.68000030517578
2016-07-01,30.0
2016-07-05,29.549999237060547
2016-07-06,29.760000228881836
2016-07-07,28.84000015258789
2016-07-08,29.6200008392334
2016-07-11,30.270000457763672
2016-07-12,30.709999084472656
2016-07-13,28.770000457763672
2016-07-14,28.639999389648438
2016-07-15,27.5
2016-07-18,29.5
2016-07-19,29.010000228881836
2016-07-20,30.510000228881836
2016-07-21,30.6200008392334
2016-07-22,30.420000076293945
2016-07-25,30.559999465942383
2016-07-26,29.719999313354492
2016-07-27,29.559999465942383
2016-07-28,29.84000015258789
2016-07-29,30.809999465942383
2016-08-01,30.729999542236328
2016-08-02,28.739999771118164
2016-08-03,28.93000030517578
2016-08-04,28.1299991607666
2016-08-05,29.520000457763672
2016-08-08,30.469999313354492
2016-08-09,30.350000381469727
2016-08-10,29.209999084472656
2016-08-11,30.510000228881836
2016-08-12,31.399999618530273
2016-08-15,31.719999313354492
2016-08-16,31.489999771118164
2016-08-17,30.110000610351562
2016-08-18,30.770000457763672
2016-08-19,34.220001220703125
2016-08-22,34.029998779296875
2016-08-23,35.54999923706055
2016-08-24,34.08000183105469
2016-08-25,34.650001525878906
2016-08-26,32.59000015258789
2016-08-29,33.72999954223633
2016-08-30,33.959999084472656
2016-08-31,33.72999954223633
2016-09-01,33.41999816894531
2016-09-02,33.880001068115234
2016-09-06,33.560001373291016
2016-09-07,34.880001068115234
2016-09-08,35.290000915527344
2016-09-09,36.380001068115234
2016-09-12,36.18000030517578
2016-09-13,35.7599983215332
2016-09-14,35.439998626708984
2016-09-15,35.0099983215332
2016-09-16,35.029998779296875
2016-09-19,34.2599983215332
2016-09-20,33.150001525878906
2016-09-21,33.400001525878906
2016-09-22,33.2400016784668
2016-09-23,32.880001068115234
2016-09-26,31.469999313354492
2016-09-27,32.54999923706055
2016-09-28,31.739999771118164
2016-09-29,33.060001373291016
2016-09-30,34.58000183105469
2016-10-03,33.66999816894531
2016-10-04,33.970001220703125
2016-10-05,34.68000030517578
2016-10-06,34.209999084472656
2016-10-07,33.66999816894531
2016-10-10,33.52000045776367
2016-10-11,31.8700008392334
2016-10-12,31.719999313354492
2016-10-13,31.149999618530273
2016-10-14,30.049999237060547
2016-10-17,29.780000686645508
2016-10-18,30.0
2016-10-19,30.219999313354492
2016-10-20,29.81999969482422
2016-10-21,29.479999542236328
2016-10-24,29.829999923706055
2016-10-25,29.09000015258789
2016-10-26,28.90999984741211
2016-10-27,28.18000030517578
2016-10-28,29.020000457763672
2016-10-31,28.969999313354492
2016-11-01,29.030000686645508
2016-11-02,29.459999084472656
2016-11-03,27.950000762939453
2016-11-04,28.489999771118164
2016-11-07,28.780000686645508
2016-11-08,28.600000381469727
2016-11-09,29.600000381469727
2016-11-10,31.489999771118164
2016-11-11,32.04999923706055
2016-11-14,34.689998626708984
2016-11-15,33.310001373291016
2016-11-16,34.16999816894531
2016-11-17,34.380001068115234
2016-11-18,34.5099983215332
2016-11-21,35.0099983215332
2016-11-22,37.25
2016-11-23,36.56999969482422
2016-11-25,36.47999954223633
2016-11-28,35.66999816894531
2016-11-29,36.790000915527344
2016-11-30,36.04999923706055
2016-12-01,35.16999816894531
2016-12-02,35.22999954223633
2016-12-05,36.81999969482422
2016-12-06,37.689998626708984
2016-12-07,37.939998626708984
2016-12-08,38.9900016784668
2016-12-09,31.920000076293945
2016-12-12,30.40999984741211
2016-12-13,31.610000610351562
2016-12-14,32.060001373291016
2016-12-15,32.290000915527344
2016-12-16,31.270000457763672
2016-12-19,32.63999938964844
2016-12-20,32.689998626708984
2016-12-21,32.54999923706055
2016-12-22,30.6200008392334
2016-12-23,30.18000030517578
2016-12-27,30.639999389648438
2016-12-28,30.780000686645508
2016-12-29,30.350000381469727
2016-12-30,30.700000762939453
2017-01-03,31.149999618530273
2017-01-04,31.68000030517578
2017-01-05,30.5
2017-01-06,29.110000610351562
2017-01-09,28.59000015258789
2017-01-10,29.0
2017-01-11,28.84000015258789
2017-01-12,28.899999618530273
2017-01-13,29.3799991607666
2017-01-17,30.0
2017-01-18,30.190000534057617
2017-01-19,29.260000228881836
2017-01-20,29.579999923706055
2017-01-23,28.81999969482422
2017-01-24,28.110000610351562
2017-01-25,28.239999771118164
2017-01-26,27.09000015258789
2017-01-27,26.09000015258789
2017-01-30,26.540000915527344
2017-01-31,27.020000457763672
2017-02-01,26.25
2017-02-02,26.989999771118164
2017-02-03,26.5
2017-02-06,26.31999969482422
2017-02-07,25.079999923706055
2017-02-08,25.450000762939453
2017-02-09,25.850000381469727
2017-02-10,25.31999969482422
2017-02-13,25.889999389648438
2017-02-14,26.68000030517578
2017-02-15,27.81999969482422
2017-02-16,27.18000030517578
2017-02-17,26.81999969482422
2017-02-21,26.389999389648438
2017-02-22,26.010000228881836
2017-02-23,25.190000534057617
2017-02-24,31.34000015258789
2017-02-27,32.66999816894531
2017-02-28,30.440000534057617
2017-03-01,30.040000915527344
2017-03-02,31.209999084472656
2017-03-03,31.200000762939453
2017-03-06,31.889999389648438
2017-03-07,32.38999938964844
2017-03-08,33.540000915527344
2017-03-09,33.40999984741211
2017-03-10,35.31999969482422
2017-03-13,33.040000915527344
2017-03-14,33.560001373291016
2017-03-15,35.09000015258789
2017-03-16,36.16999816894531
2017-03-17,36.27000045776367
2017-03-20,35.779998779296875
2017-03-21,35.22999954223633
2017-03-22,37.08000183105469
2017-03-23,37.029998779296875
2017-03-24,36.93000030517578
2017-03-27,36.689998626708984
2017-03-28,38.0
2017-03-29,43.68000030517578
2017-03-30,44.95000076293945
2017-03-31,46.2599983215332
2017-04-03,45.86000061035156
2017-04-04,47.040000915527344
2017-04-05,45.779998779296875
2017-04-06,47.119998931884766
2017-04-07,46.97999954223633
2017-04-10,47.529998779296875
2017-04-11,47.4900016784668
2017-04-12,47.040000915527344
2017-04-13,47.029998779296875
2017-04-17,46.91999816894531
2017-04-18,46.720001220703125
2017-04-19,47.59000015258789
2017-04-20,47.810001373291016
2017-04-21,48.63999938964844
2017-04-24,48.31999969482422
2017-04-25,48.40999984741211
2017-04-26,48.130001068115234
2017-04-27,48.75
2017-04-28,47.970001220703125
2017-05-01,47.77000045776367
2017-05-02,48.619998931884766
2017-05-03,51.75
2017-05-04,51.86000061035156
2017-05-05,57.150001525878906
2017-05-08,58.0099983215332
2017-05-09,58.41999816894531
2017-05-10,59.9900016784668
2017-05-11,57.150001525878906
2017-05-12,57.040000915527344
2017-05-15,57.029998779296875
2017-05-16,59.16999816894531
2017-05-17,57.11000061035156
2017-05-18,57.13999938964844
2017-05-19,57.880001068115234
2017-05-22,57.810001373291016
2017-05-23,58.4900016784668
2017-05-24,56.540000915527344
2017-05-25,56.84000015258789
2017-05-26,57.810001373291016
2017-05-30,55.09000015258789
2017-05-31,56.11000061035156
2017-06-01,57.25
2017-06-02,42.540000915527344
2017-06-05,45.81999969482422
2017-06-06,45.5
2017-06-07,47.0
2017-06-08,49.4900016784668
2017-06-09,50.7400016784668
2017-06-12,51.5099983215332
2017-06-13,52.209999084472656
2017-06-14,53.189998626708984
2017-06-15,52.560001373291016
2017-06-16,52.45000076293945
2017-06-19,53.470001220703125
2017-06-20,52.97999954223633
2017-06-21,54.11000061035156
2017-06-22,56.650001525878906
2017-06-23,59.45000076293945
2017-06-26,61.220001220703125
2017-06-27,63.79999923706055
2017-06-28,65.30000305175781
2017-06-29,64.6500015258789
2017-06-30,64.5199966430664
2017-07-03,65.05999755859375
2017-07-05,67.37000274658203
2017-07-06,67.68000030517578
2017-07-07,62.630001068115234
2017-07-10,60.630001068115234
2017-07-11,61.93000030517578
2017-07-12,67.23999786376953
2017-07-13,70.38999938964844
2017-07-14,66.0
2017-07-17,68.30000305175781
2017-07-18,75.0199966430664
2017-07-19,77.4000015258789
2017-07-20,76.72000122070312
2017-07-21,74.08999633789062
2017-07-24,75.23999786376953
2017-07-25,72.69999694824219
2017-07-26,70.98999786376953
2017-07-27,71.5
2017-07-28,69.87000274658203
2017-07-31,65.12999725341797
2017-08-01,63.11000061035156
2017-08-02,60.689998626708984
2017-08-03,59.0
2017-08-04,56.91999816894531
2017-08-07,58.599998474121094
2017-08-08,57.34000015258789
2017-08-09,57.33000183105469
2017-08-10,56.04999923706055
2017-08-11,56.0
2017-08-14,56.91999816894531
2017-08-15,52.18000030517578
2017-08-16,51.0
2017-08-17,49.650001525878906
2017-08-18,49.90999984741211
2017-08-21,48.25
2017-08-22,48.33000183105469
2017-08-23,46.7400016784668
2017-08-24,45.36000061035156
2017-08-25,45.43000030517578
2017-08-28,45.15999984741211
2017-08-29,45.209999084472656
2017-08-30,45.5
2017-08-31,46.790000915527344
2017-09-01,48.5099983215332
2017-09-05,49.7400016784668
2017-09-06,49.41999816894531
2017-09-07,71.54000091552734
2017-09-08,70.6500015258789
2017-09-11,68.45999908447266
2017-09-12,71.16000366210938
2017-09-13,71.0
2017-09-14,71.19999694824219
2017-09-15,73.30000305175781
2017-09-18,72.12000274658203
2017-09-19,73.83999633789062
2017-09-20,73.47000122070312
2017-09-21,72.80000305175781
2017-09-22,72.22000122070312
2017-09-25,71.62999725341797
2017-09-26,69.37000274658203
2017-09-27,71.58999633789062
2017-09-28,71.0999984741211
2017-09-29,70.31999969482422
2017-10-02,71.5
2017-10-03,74.25
2017-10-04,75.73999786376953
2017-10-05,75.29000091552734
2017-10-06,76.45999908447266
2017-10-09,72.66999816894531
2017-10-10,74.19999694824219
2017-10-11,77.25
2017-10-12,77.19999694824219
2017-10-13,80.08000183105469
2017-10-16,79.62000274658203
2017-10-17,78.81999969482422
2017-10-18,79.80999755859375
2017-10-19,80.30999755859375
2017-10-20,83.79000091552734
2017-10-23,84.58999633789062
2017-10-24,85.2699966430664
2017-10-25,83.05000305175781
2017-10-26,86.87999725341797
2017-10-27,86.63999938964844
2017-10-30,87.97000122070312
2017-10-31,89.91999816894531
2017-11-01,91.75
2017-11-02,89.23999786376953
2017-11-03,86.79000091552734
2017-11-06,86.13999938964844
2017-11-07,83.5
2017-11-08,85.8499984741211
2017-11-09,82.11000061035156
2017-11-10,85.54000091552734
2017-11-13,87.69000244140625
2017-11-14,88.69000244140625
2017-11-15,83.30000305175781
2017-11-16,104.80999755859375
2017-11-17,102.26000213623047
2017-11-20,99.12000274658203
2017-11-21,97.8499984741211
2017-11-22,99.37000274658203
2017-11-24,99.16000366210938
2017-11-27,97.11000061035156
2017-11-28,102.08999633789062
2017-11-29,98.97000122070312
2017-11-30,101.38999938964844
2017-12-01,101.97000122070312
2017-12-04,102.38999938964844
2017-12-05,103.87000274658203
2017-12-06,104.69999694824219
2017-12-07,105.77999877929688
2017-12-08,105.05999755859375
2017-12-11,103.11000061035156
2017-12-12,96.87999725341797
2017-12-13,100.83999633789062
2017-12-14,98.6500015258789
2017-12-15,99.62999725341797
2017-12-18,104.02999877929688
2017-12-19,101.86000061035156
2017-12-20,102.38999938964844
2017-12-21,99.69000244140625
2017-12-22,92.91999816894531
2017-12-26,91.87999725341797
2017-12-27,90.5
2017-12-28,90.72000122070312
2017-12-29,86.20999908447266
2018-01-02,89.7699966430664
2018-01-03,91.2300033569336
2018-01-04,89.91999816894531
2018-01-05,92.97000122070312
2018-01-08,94.33999633789062
2018-01-09,95.2300033569336
2018-01-10,91.4800033569336
2018-01-11,95.38999938964844
2018-01-12,95.87000274658203
2018-01-16,92.77999877929688
2018-01-17,95.37000274658203
2018-01-18,96.62000274658203
2018-01-19,100.2699966430664
2018-01-22,103.58999633789062
2018-01-23,104.55999755859375
2018-01-24,103.16000366210938
2018-01-25,103.81999969482422
2018-01-26,103.83999633789062
2018-01-29,102.70999908447266
2018-01-30,100.93000030517578
2018-01-31,93.98999786376953
2018-02-01,92.25
2018-02-02,92.04000091552734
2018-02-05,89.80000305175781
2018-02-06,92.55000305175781
2018-02-07,90.88999938964844
2018-02-08,85.93000030517578
2018-02-09,86.69999694824219
2018-02-12,88.8499984741211
2018-02-13,88.80000305175781
2018-02-14,92.55000305175781
2018-02-15,91.98999786376953
2018-02-16,93.33999633789062
2018-02-20,88.9800033569336
2018-02-21,90.48999786376953
2018-02-22,91.37000274658203
2018-02-23,88.5
2018-02-26,86.30000305175781
2018-02-27,84.98999786376953
2018-02-28,84.87999725341797
2018-03-01,84.77999877929688
2018-03-02,80.25
2018-03-05,76.1500015258789
2018-03-06,80.12000274658203
2018-03-07,79.31999969482422
2018-03-08,79.68000030517578
2018-03-09,77.80999755859375
2018-03-12,76.48999786376953
2018-03-13,75.9800033569336
2018-03-14,77.54000091552734
2018-03-15,76.55000305175781
2018-03-16,78.43000030517578
2018-03-19,76.0199966430664
2018-03-20,77.55999755859375
2018-03-21,77.55000305175781
2018-03-22,77.97000122070312
2018-03-23,77.69999694824219
2018-03-26,78.55999755859375
2018-03-27,75.30999755859375
2018-03-28,92.23999786376953
2018-03-29,95.27999877929688
2018-04-02,89.44000244140625
2018-04-03,87.1500015258789
2018-04-04,88.70999908447266
2018-04-05,91.19000244140625
2018-04-06,88.88999938964844
2018-04-09,87.0999984741211
2018-04-10,87.8499984741211
2018-04-11,86.62999725341797
2018-04-12,86.7300033569336
2018-04-13,85.38999938964844
2018-04-16,86.69999694824219
2018-04-17,87.22000122070312
2018-04-18,88.51000213623047
2018-04-19,88.0
2018-04-20,88.4000015258789
2018-04-23,90.23999786376953
2018-04-24,86.25
2018-04-25,86.83000183105469
2018-04-26,88.55000305175781
2018-04-27,93.7699966430664
2018-04-30,95.44999694824219
2018-05-01,95.6500015258789
2018-05-02,98.25
2018-05-03,95.55000305175781
2018-05-04,100.83999633789062
2018-05-07,98.86000061035156
2018-05-08,101.25
2018-05-09,101.8499984741211
2018-05-10,101.23999786376953
2018-05-11,101.30999755859375
2018-05-14,101.83999633789062
2018-05-15,100.27999877929688
2018-05-16,102.0
2018-05-17,101.93000030517578
2018-05-18,101.76000213623047
2018-05-21,103.72000122070312
2018-05-22,98.33000183105469
2018-05-23,100.62999725341797
2018-05-24,102.33999633789062
2018-05-25,104.29000091552734
2018-05-29,105.4000015258789
2018-05-30,102.6500015258789
2018-05-31,97.7300033569336
2018-06-01,98.2699966430664
2018-06-04,101.05000305175781
2018-06-05,105.94000244140625
2018-06-06,109.87000274658203
2018-06-07,110.5199966430664
2018-06-08,113.27999877929688
2018-06-11,118.7300033569336
2018-06-12,155.0
2018-06-13,154.9199981689453
2018-06-14,154.38999938964844
2018-06-15,160.8699951171875
2018-06-18,154.35000610351562
2018-06-19,151.7899932861328
2018-06-20,151.67999267578125
2018-06-21,148.9499969482422
2018-06-22,151.35000610351562
2018-06-25,145.92999267578125
2018-06-26,145.5800018310547
2018-06-27,144.3800048828125
2018-06-28,141.83999633789062
2018-06-29,139.6999969482422
2018-07-02,139.2100067138672
2018-07-03,138.52999877929688
2018-07-05,136.22000122070312
2018-07-06,135.75999450683594
2018-07-09,136.97999572753906
2018-07-10,138.82000732421875
2018-07-11,132.77999877929688
2018-07-12,133.33999633789062
2018-07-13,143.1999969482422
2018-07-16,137.69000244140625
2018-07-17,138.39999389648438
2018-07-18,133.58999633789062
2018-07-19,138.6199951171875
2018-07-20,134.7899932861328
2018-07-23,136.66000366210938
2018-07-24,137.66000366210938
2018-07-25,136.91000366210938
2018-07-26,139.4600067138672
2018-07-27,137.67999267578125
2018-07-30,135.44000244140625
2018-07-31,135.86000061035156
2018-08-01,132.4499969482422
2018-08-02,132.64999389648438
2018-08-03,134.74000549316406
2018-08-06,138.49000549316406
2018-08-07,140.00999450683594
2018-08-08,141.22000122070312
2018-08-09,144.5399932861328
2018-08-10,144.39999389648438
2018-08-13,151.6199951171875
2018-08-14,153.10000610351562
2018-08-15,148.64999389648438
2018-08-16,149.36000061035156
2018-08-17,150.9499969482422
2018-08-20,149.6999969482422
2018-08-21,150.3000030517578
2018-08-22,154.75999450683594
2018-08-23,158.17999267578125
2018-08-24,156.33999633789062
2018-08-27,153.52000427246094
2018-08-28,159.14999389648438
2018-08-29,158.94000244140625
2018-08-30,157.02000427246094
2018-08-31,159.0
2018-09-04,151.27999877929688
2018-09-05,131.50999450683594
2018-09-06,129.57000732421875
2018-09-07,126.1500015258789
2018-09-10,126.0
2018-09-11,124.12000274658203
2018-09-12,130.85000610351562
2018-09-13,135.27999877929688
2018-09-14,136.6999969482422
2018-09-17,136.94000244140625
2018-09-18,135.11000061035156
2018-09-19,135.47000122070312
2018-09-20,136.6699981689453
2018-09-21,136.49000549316406
2018-09-24,134.00999450683594
2018-09-25,135.2899932861328
2018-09-26,135.27999877929688
2018-09-27,132.99000549316406
2018-09-28,131.00999450683594
2018-10-01,127.0
2018-10-02,118.97000122070312
2018-10-03,119.4000015258789
2018-10-04,117.30999755859375
2018-10-05,114.04000091552734
2018-10-08,110.81999969482422
2018-10-09,108.69000244140625
2018-10-10,107.75
2018-10-11,118.62000274658203
2018-10-12,124.30000305175781
2018-10-15,124.87999725341797
2018-10-16,129.4600067138672
2018-10-17,127.12000274658203
2018-10-18,123.66000366210938
2018-10-19,122.66999816894531
2018-10-22,109.4000015258789
2018-10-23,113.81999969482422
2018-10-24,104.16999816894531
2018-10-25,109.81999969482422
2018-10-26,111.16000366210938
2018-10-29,107.86000061035156
2018-10-30,117.83999633789062
2018-10-31,115.70999908447266
2018-11-01,120.66999816894531
2018-11-02,124.91000366210938
2018-11-05,124.36000061035156
2018-11-06,126.75
2018-11-07,131.82000732421875
2018-11-08,125.08999633789062
2018-11-09,125.38999938964844
2018-11-12,123.16999816894531
2018-11-13,125.44000244140625
2018-11-14,123.86000061035156
2018-11-15,119.4000015258789
2018-11-16,112.98999786376953
2018-11-19,107.4000015258789
2018-11-20,107.62999725341797
2018-11-21,109.01000213623047
2018-11-23,110.08999633789062
2018-11-26,114.58000183105469
2018-11-27,110.22000122070312
2018-11-28,116.61000061035156
2018-11-29,114.58000183105469
2018-11-30,116.13999938964844
2018-12-03,123.6500015258789
2018-12-04,137.1300048828125
2018-12-06,142.38999938964844
2018-12-07,137.00999450683594
2018-12-10,137.52999877929688
2018-12-11,135.22000122070312
2018-12-12,136.10000610351562
2018-12-13,129.99000549316406
2018-12-14,126.61000061035156
2018-12-17,124.4000015258789
2018-12-18,125.0
2018-12-19,122.69000244140625
2018-12-20,121.79000091552734
2018-12-21,113.29000091552734
2018-12-24,108.45999908447266
2018-12-26,118.7699966430664
2018-12-27,118.55999755859375
2018-12-28,118.95999908447266
2018-12-31,119.81999969482422
2019-01-02,117.63999938964844
2019-01-03,114.81999969482422
2019-01-04,117.83999633789062
2019-01-07,125.23999786376953
2019-01-08,126.69999694824219
2019-01-09,131.36000061035156
2019-01-10,128.9499969482422
2019-01-11,130.17999267578125
2019-01-14,131.3800048828125
2019-01-15,127.58000183105469
2019-01-16,126.05000305175781
2019-01-17,129.6300048828125
2019-01-18,135.32000732421875
2019-01-22,130.16000366210938
2019-01-23,130.6199951171875
2019-01-24,130.02999877929688
2019-01-25,135.44000244140625
2019-01-28,132.61000061035156
2019-01-29,133.36000061035156
2019-01-30,135.30999755859375
2019-01-31,135.8699951171875
2019-02-01,133.63999938964844
2019-02-04,136.97000122070312
2019-02-05,140.63999938964844
2019-02-06,140.52000427246094
2019-02-07,134.50999450683594
2019-02-08,134.00999450683594
2019-02-11,131.3000030517578
2019-02-12,139.11000061035156
2019-02-13,141.63999938964844
2019-02-14,143.3800048828125
2019-02-15,145.0500030517578
2019-02-19,144.99000549316406
2019-02-20,146.05999755859375
2019-02-21,143.75
2019-02-22,146.63999938964844
2019-02-25,151.14999389648438
2019-02-26,150.17999267578125
2019-02-27,154.3699951171875
2019-02-28,153.58999633789062
2019-03-01,156.2100067138672
2019-03-04,151.75999450683594
2019-03-05,152.52000427246094
2019-03-06,150.07000732421875
2019-03-07,144.61000061035156
2019-03-08,140.47999572753906
2019-03-11,140.72000122070312
2019-03-12,141.99000549316406
2019-03-13,142.63999938964844
2019-03-14,137.58999633789062
2019-03-15,134.11000061035156
2019-03-18,135.99000549316406
2019-03-19,133.36000061035156
2019-03-20,131.82000732421875
2019-03-21,135.38999938964844
2019-03-22,131.07000732421875
2019-03-25,133.69000244140625
2019-03-26,130.5500030517578
2019-03-27,129.39999389648438
2019-03-28,131.92999267578125
2019-03-29,102.94999694824219
2019-04-01,103.36000061035156
2019-04-02,101.25
2019-04-03,106.63999938964844
2019-04-04,105.3499984741211
2019-04-05,104.76000213623047
2019-04-08,108.91000366210938
2019-04-09,111.26000213623047
2019-04-10,115.52999877929688
2019-04-11,118.05000305175781
2019-04-12,115.70999908447266
2019-04-15,114.16000366210938
2019-04-16,118.52999877929688
2019-04-17,111.54000091552734
2019-04-18,107.41999816894531
2019-04-22,103.33999633789062
2019-04-23,105.36000061035156
2019-04-24,107.93000030517578
2019-04-25,107.11000061035156
2019-04-26,105.91999816894531
2019-04-29,107.38999938964844
2019-04-30,106.70999908447266
2019-05-01,105.69000244140625
2019-05-02,109.3499984741211
2019-05-03,108.80000305175781
2019-05-06,104.9000015258789
2019-05-07,101.13999938964844
2019-05-08,101.16000366210938
2019-05-09,101.91000366210938
2019-05-10,102.87000274658203
2019-05-13,95.01000213623047
2019-05-14,98.87999725341797
2019-05-15,98.94000244140625
2019-05-16,97.05999755859375
2019-05-17,94.19999694824219
2019-05-20,91.66999816894531
2019-05-21,95.87999725341797
2019-05-22,91.9000015258789
2019-05-23,87.33000183105469
2019-05-24,89.05000305175781
2019-05-28,89.62000274658203
2019-05-29,87.7699966430664
2019-05-30,87.08000183105469
2019-05-31,85.1500015258789
2019-06-03,86.5
2019-06-04,92.0999984741211
2019-06-05,90.7300033569336
2019-06-06,88.08000183105469
2019-06-07,88.94999694824219
2019-06-10,92.4000015258789
2019-06-11,93.25
2019-06-12,94.88999938964844
2019-06-13,109.91000366210938
2019-06-14,111.37000274658203
2019-06-17,113.16000366210938
2019-06-18,115.76000213623047
2019-06-19,117.30000305175781
2019-06-20,115.33000183105469
2019-06-21,114.76000213623047
2019-06-24,115.01000213623047
2019-06-25,110.87999725341797
2019-06-26,109.0999984741211
2019-06-27,113.45999908447266
2019-06-28,115.5999984741211
2019-07-01,118.87000274658203
2019-07-02,119.6500015258789
2019-07-03,121.16999816894531
2019-07-05,122.58000183105469
2019-07-08,119.26000213623047
2019-07-09,121.27999877929688
2019-07-10,119.81999969482422
2019-07-11,120.9800033569336
2019-07-12,122.25
2019-07-15,124.31999969482422
2019-07-16,126.62000274658203
2019-07-17,124.47000122070312
2019-07-18,126.4000015258789
2019-07-19,124.80999755859375
2019-07-22,123.7699966430664
2019-07-23,125.12999725341797
2019-07-24,129.2100067138672
2019-07-25,127.86000061035156
2019-07-26,130.77999877929688
2019-07-29,132.17999267578125
2019-07-30,139.99000549316406
2019-07-31,139.39999389648438
2019-08-01,136.0800018310547
2019-08-02,136.8300018310547
2019-08-05,134.0500030517578
2019-08-06,136.10000610351562
2019-08-07,135.22999572753906
2019-08-08,139.97000122070312
2019-08-09,137.17999267578125
2019-08-12,140.88999938964844
2019-08-13,142.05999755859375
2019-08-14,136.92999267578125
2019-08-15,137.32000732421875
2019-08-16,139.1999969482422
2019-08-19,142.0
2019-08-20,140.39999389648438
2019-08-21,144.5500030517578
2019-08-22,146.66000366210938
2019-08-23,142.07000732421875
2019-08-26,145.05999755859375
2019-08-27,143.00999450683594
2019-08-28,143.0500030517578
2019-08-29,142.83999633789062
2019-08-30,143.25
2019-09-03,140.60000610351562
2019-09-04,140.11000061035156
2019-09-05,144.57000732421875
2019-09-06,149.07000732421875
2019-09-09,153.50999450683594
2019-09-10,158.8800048828125
2019-09-11,166.9499969482422
2019-09-12,169.1199951171875
2019-09-13,173.6300048828125
2019-09-16,169.55999755859375
2019-09-17,172.72999572753906
2019-09-18,171.50999450683594
2019-09-19,169.49000549316406
2019-09-20,169.0
2019-09-23,168.32000732421875
2019-09-24,168.6199951171875
2019-09-25,170.0500030517578
2019-09-26,169.22000122070312
2019-09-27,171.22999572753906
2019-09-30,170.8300018310547
2019-10-01,170.5500030517578
2019-10-02,164.9499969482422
2019-10-03,169.5
2019-10-04,170.2899932861328
2019-10-07,175.41000366210938
2019-10-08,173.75
2019-10-09,174.1300048828125
2019-10-10,176.80999755859375
2019-10-11,179.30999755859375
2019-10-14,182.11000061035156
2019-10-15,182.72999572753906
2019-10-16,181.97999572753906
2019-10-17,185.0
2019-10-18,180.9199981689453
2019-10-21,184.74000549316406
2019-10-22,184.99000549316406
2019-10-23,186.0800018310547
2019-10-24,185.1699981689453
2019-10-25,188.58999633789062
2019-10-28,186.5
2019-10-29,187.11000061035156
2019-10-30,184.94000244140625
2019-10-31,181.6999969482422
2019-11-01,175.83999633789062
2019-11-04,173.2899932861328
2019-11-05,172.67999267578125
2019-11-06,173.10000610351562
2019-11-07,175.25999450683594
2019-11-08,175.0399932861328
2019-11-11,174.7100067138672
2019-11-12,174.49000549316406
2019-11-13,172.97999572753906
2019-11-14,175.22000122070312
2019-11-15,188.47000122070312
2019-11-18,187.5500030517578
2019-11-19,182.22000122070312
2019-11-20,189.74000549316406
2019-11-21,195.0800018310547
2019-11-22,195.5399932861328
2019-11-25,202.13999938964844
2019-11-26,206.22000122070312
2019-11-27,205.05999755859375
2019-11-29,205.58999633789062
2019-12-02,199.25999450683594
2019-12-03,199.89999389648438
2019-12-04,205.6199951171875
2019-12-05,233.1699981689453
2019-12-06,241.97000122070312
2019-12-09,237.3699951171875
2019-12-10,233.0
2019-12-11,233.2100067138672
2019-12-12,220.5
2019-12-13,218.97000122070312
2019-12-16,220.5
2019-12-17,222.42999267578125
2019-12-18,221.10000610351562
2019-12-19,223.05999755859375
2019-12-20,220.8000030517578
2019-12-23,222.9499969482422
2019-12-24,228.1300048828125
2019-12-26,227.74000549316406
2019-12-27,214.8699951171875
2019-12-30,211.9600067138672
2019-12-31,213.5
2020-01-02,211.5
2020-01-03,209.39999389648438
2020-01-06,212.77000427246094
2020-01-07,215.8699951171875
2020-01-08,211.32000732421875
2020-01-09,218.4600067138672
2020-01-10,207.6300048828125
2020-01-13,215.50999450683594
2020-01-14,223.36000061035156
2020-01-15,221.05999755859375
2020-01-16,223.27999877929688
2020-01-17,222.38999938964844
2020-01-21,221.22999572753906
2020-01-22,223.8699951171875
2020-01-23,225.85000610351562
2020-01-24,221.11000061035156
2020-01-27,213.92999267578125
2020-01-28,220.74000549316406
2020-01-29,220.4199981689453
2020-01-30,219.49000549316406
2020-01-31,208.75
2020-02-03,208.6199951171875
2020-02-04,214.05999755859375
2020-02-05,220.27999877929688
2020-02-06,218.64999389648438
2020-02-07,215.9600067138672
2020-02-10,227.83999633789062
2020-02-11,236.50999450683594
2020-02-12,241.52999877929688
2020-02-13,238.64999389648438
2020-02-14,238.17999267578125
2020-02-18,252.10000610351562
2020-02-19,249.6300048828125
2020-02-20,245.77000427246094
2020-02-21,236.4499969482422
2020-02-24,218.44000244140625
2020-02-25,211.77000427246094
2020-02-26,210.10000610351562
2020-02-27,192.5
2020-02-28,181.39999389648438
2020-03-02,192.9600067138672
2020-03-03,183.44000244140625
2020-03-04,190.0399932861328
2020-03-05,174.80999755859375
2020-03-06,167.22000122070312
2020-03-09,147.7899932861328
2020-03-10,146.07000732421875
2020-03-11,126.23999786376953
2020-03-12,107.76000213623047
2020-03-13,123.12000274658203
2020-03-16,94.0
2020-03-17,92.94000244140625
2020-03-18,81.33999633789062
2020-03-19,91.83000183105469
2020-03-20,82.12999725341797
2020-03-23,80.43000030517578
2020-03-24,104.05999755859375
2020-03-25,106.12000274658203
2020-03-26,108.13999938964844
2020-03-27,110.93000030517578
2020-03-30,118.0
2020-03-31,100.47000122070312
2020-04-01,88.62999725341797
2020-04-02,89.11000061035156
2020-04-03,86.19000244140625
2020-04-06,103.83999633789062
2020-04-07,105.08000183105469
2020-04-08,112.27999877929688
2020-04-09,122.6500015258789
2020-04-13,128.4199981689453
2020-04-14,130.7899932861328
2020-04-15,122.87000274658203
2020-04-16,121.9000015258789
2020-04-17,129.8699951171875
2020-04-20,124.51000213623047
2020-04-21,119.79000091552734
2020-04-22,127.43000030517578
2020-04-23,125.19000244140625
2020-04-24,132.83999633789062
2020-04-27,144.5800018310547
2020-04-28,148.94000244140625
2020-04-29,154.82000732421875
2020-04-30,143.77999877929688
2020-05-01,137.4600067138672
2020-05-04,142.27999877929688
2020-05-05,143.27999877929688
2020-05-06,147.0
2020-05-07,151.52000427246094
2020-05-08,159.9499969482422
2020-05-11,164.1199951171875
2020-05-12,156.39999389648438
2020-05-13,146.61000061035156
2020-05-14,150.24000549316406
2020-05-15,154.6300048828125
2020-05-18,174.8800048828125
2020-05-19,173.66000366210938
2020-05-20,174.32000732421875
2020-05-21,189.0399932861328
2020-05-22,198.14999389648438
2020-05-26,198.30999755859375
2020-05-27,208.57000732421875
2020-05-28,210.25999450683594
2020-05-29,216.88999938964844
2020-06-01,212.57000732421875
2020-06-02,248.25999450683594
2020-06-03,255.25999450683594
2020-06-04,248.41000366210938
2020-06-05,246.2100067138672
2020-06-08,253.9199981689453
2020-06-09,252.00999450683594
2020-06-10,244.5399932861328
2020-06-11,229.6199951171875
2020-06-12,235.82000732421875
2020-06-15,245.8000030517578
2020-06-16,254.89999389648438
2020-06-17,251.82000732421875
2020-06-18,254.25999450683594
2020-06-19,250.1199951171875
2020-06-22,254.3000030517578
2020-06-23,255.11000061035156
2020-06-24,249.72000122070312
2020-06-25,254.25
2020-06-26,254.24000549316406
2020-06-29,252.94000244140625
2020-06-30,248.89999389648438
2020-07-01,259.6600036621094
2020-07-02,255.3300018310547
2020-07-06,259.29998779296875
2020-07-07,257.5299987792969
2020-07-08,265.3399963378906
2020-07-09,260.5899963378906
2020-07-10,261.2300109863281
2020-07-13,258.42999267578125
2020-07-14,267.2200012207031
2020-07-15,279.8999938964844
2020-07-16,281.8900146484375
2020-07-17,285.6300048828125
2020-07-20,280.2799987792969
2020-07-21,281.1300048828125
2020-07-22,285.0299987792969
2020-07-23,282.92999267578125
2020-07-24,284.6499938964844
2020-07-27,291.8599853515625
2020-07-28,278.80999755859375
2020-07-29,285.3599853515625
2020-07-30,289.70001220703125
2020-07-31,287.42999267578125
2020-08-03,293.8900146484375
2020-08-04,294.1199951171875
2020-08-05,300.7799987792969
2020-08-06,302.29998779296875
2020-08-07,311.3299865722656
2020-08-10,311.6400146484375
2020-08-11,304.5
2020-08-12,310.2099914550781
2020-08-13,315.0
2020-08-14,313.9700012207031
2020-08-17,314.57000732421875
2020-08-18,321.4700012207031
2020-08-19,322.8999938964844
2020-08-20,324.0299987792969
2020-08-21,321.1099853515625
2020-08-24,323.3399963378906
2020-08-25,319.05999755859375
2020-08-26,324.6199951171875
2020-08-27,326.30999755859375
2020-08-28,331.5400085449219
2020-08-31,330.54998779296875
2020-09-01,340.8399963378906
2020-09-02,335.8599853515625
2020-09-03,320.0400085449219
2020-09-04,316.7300109863281
2020-09-08,311.94000244140625
2020-09-09,321.0799865722656
2020-09-10,385.4599914550781
2020-09-11,381.45001220703125
2020-09-14,380.5299987792969
2020-09-15,374.239990234375
2020-09-16,381.5400085449219
2020-09-17,379.5400085449219
2020-09-18,378.4200134277344
2020-09-21,371.9700012207031
2020-09-22,371.9599914550781
2020-09-23,352.6600036621094
2020-09-24,351.20001220703125
2020-09-25,354.5899963378906
2020-09-28,361.05999755859375
2020-09-29,375.32000732421875
2020-09-30,382.6199951171875
2020-10-01,379.2799987792969
2020-10-02,384.739990234375
2020-10-05,379.3599853515625
2020-10-06,361.9800109863281
2020-10-07,377.7200012207031
2020-10-08,376.0799865722656
2020-10-09,371.4599914550781
2020-10-12,365.4599914550781
2020-10-13,390.8500061035156
2020-10-14,389.3399963378906
2020-10-15,389.6499938964844
2020-10-16,385.29998779296875
2020-10-19,373.42999267578125
2020-10-20,366.0199890136719
2020-10-21,363.0
2020-10-22,378.739990234375
2020-10-23,394.0799865722656
2020-10-26,365.20001220703125
2020-10-27,363.9700012207031
2020-10-28,353.6000061035156
2020-10-29,351.9700012207031
2020-10-30,335.2300109863281
2020-11-02,341.1300048828125
2020-11-03,359.739990234375
2020-11-04,376.9800109863281
2020-11-05,389.44000244140625
2020-11-06,388.82000732421875
2020-11-09,371.5400085449219
2020-11-10,379.739990234375
2020-11-11,409.8599853515625
2020-11-12,393.75
2020-11-13,408.0799865722656
2020-11-16,407.7900085449219
2020-11-17,420.0
2020-11-18,414.7900085449219
2020-11-19,432.7799987792969
2020-11-20,438.9200134277344
2020-11-23,440.67999267578125
2020-11-24,438.6000061035156
2020-11-25,449.45001220703125
2020-11-27,462.9200134277344
2020-11-30,453.1600036621094
2020-12-01,453.8999938964844
2020-12-02,454.42999267578125
2020-12-03,458.1499938964844
2020-12-04,468.0
2020-12-07,468.80999755859375
2020-12-08,472.04998779296875
2020-12-09,467.8299865722656
2020-12-10,452.8500061035156
2020-12-11,428.8800048828125
2020-12-14,426.67999267578125
2020-12-15,437.70001220703125
2020-12-16,439.5199890136719
2020-12-17,443.6400146484375
2020-12-18,458.2900085449219
2020-12-21,459.3299865722656
2020-12-22,464.5899963378906
2020-12-23,467.2099914550781
2020-12-24,475.7200012207031
2020-12-28,455.07000732421875
2020-12-29,450.5199890136719
2020-12-30,449.4800109863281
2020-12-31,447.5199890136719
2021-01-04,442.260009765625
2021-01-05,448.3500061035156
2021-01-06,468.0199890136719
2021-01-07,489.6099853515625
2021-01-08,484.45001220703125
2021-01-11,488.45001220703125
2021-01-12,508.80999755859375
2021-01-13,503.0899963378906
2021-01-14,515.5700073242188
2021-01-15,507.3599853515625
2021-01-19,500.989990234375
2021-01-20,502.2799987792969
2021-01-21,501.20001220703125
2021-01-22,502.0199890136719
2021-01-25,495.69000244140625
2021-01-26,490.6000061035156
2021-01-27,455.4800109863281
2021-01-28,476.75
2021-01-29,475.3599853515625
2021-02-01,484.0400085449219
2021-02-02,480.17999267578125
2021-02-03,474.6199951171875
2021-02-04,487.760009765625
2021-02-05,486.92999267578125
2021-02-08,500.010009765625
2021-02-09,498.45001220703125
2021-02-10,498.0199890136719
2021-02-11,506.0799865722656
2021-02-12,491.8999938964844
2021-02-16,487.30999755859375
2021-02-17,483.69000244140625
2021-02-18,487.6400146484375
2021-02-19,505.20001220703125
2021-02-22,500.5199890136719
2021-02-23,502.8699951171875
2021-02-24,509.25
2021-02-25,473.0799865722656
2021-02-26,490.3699951171875
2021-03-01,505.9599914550781
2021-03-02,487.3399963378906
2021-03-03,460.010009765625
2021-03-04,446.92999267578125
2021-03-05,449.0199890136719
2021-03-08,441.4599914550781
2021-03-09,458.1700134277344
2021-03-10,460.8699951171875
2021-03-11,474.32000732421875
2021-03-12,471.989990234375
2021-03-15,465.30999755859375
2021-03-16,475.44000244140625
2021-03-17,477.0299987792969
2021-03-18,485.8800048828125
2021-03-19,515.6099853515625
2021-03-22,528.6599731445312
2021-03-23,508.5
2021-03-24,485.1099853515625
2021-03-25,529.0800170898438
2021-03-26,578.1799926757812
2021-03-29,565.9000244140625
2021-03-30,600.0
2021-03-31,596.5999755859375
2021-04-01,595.6300048828125
2021-04-05,592.9299926757812
2021-04-06,607.469970703125
2021-04-07,587.5599975585938
2021-04-08,600.969970703125
2021-04-09,613.1599731445312
2021-04-12,600.8599853515625
2021-04-13,596.3400268554688
2021-04-14,602.6699829101562
2021-04-15,614.75
2021-04-16,634.5
2021-04-19,641.4400024414062
2021-04-20,636.0
2021-04-21,657.0
2021-04-22,654.3599853515625
2021-04-23,687.989990234375
2021-04-26,688.5
2021-04-27,712.3900146484375
2021-04-28,720.010009765625
2021-04-29,705.4500122070312
2021-04-30,688.02001953125
2021-05-03,699.0499877929688
2021-05-04,687.2000122070312
2021-05-05,681.1599731445312
2021-05-06,684.969970703125
2021-05-07,701.0
2021-05-10,680.3099975585938
2021-05-11,653.4299926757812
2021-05-12,625.010009765625
2021-05-13,629.6500244140625
2021-05-14,649.8200073242188
2021-05-17,633.3099975585938
2021-05-18,628.1199951171875
2021-05-19,616.3099975585938
2021-05-20,609.8800048828125
2021-05-21,605.9299926757812
2021-05-24,615.1099853515625
2021-05-25,638.0
2021-05-26,638.5999755859375
2021-05-27,644.010009765625
2021-05-28,641.0499877929688
2021-06-01,636.3400268554688
2021-06-02,623.3099975585938
2021-06-03,611.5399780273438
2021-06-04,613.219970703125
2021-06-07,624.4199829101562
2021-06-08,628.8300170898438
2021-06-09,611.3300170898438
2021-06-10,707.1400146484375
2021-06-11,682.52001953125
2021-06-14,675.3099975585938
2021-06-15,662.3499755859375
2021-06-16,657.77001953125
2021-06-17,656.5499877929688
2021-06-18,653.4199829101562
2021-06-21,680.719970703125
2021-06-22,676.739990234375
2021-06-23,685.4500122070312
2021-06-24,677.1799926757812
2021-06-25,690.719970703125
2021-06-28,689.3699951171875
2021-06-29,689.77001953125
2021-06-30,679.0
2021-07-01,690.5399780273438
2021-07-02,689.8800048828125
2021-07-06,690.7000122070312
2021-07-07,708.3599853515625
2021-07-08,692.969970703125
2021-07-09,706.2999877929688
2021-07-12,713.52001953125
2021-07-13,708.3300170898438
2021-07-14,680.0900268554688
2021-07-15,667.739990234375
2021-07-16,661.6400146484375
2021-07-19,651.8800048828125
2021-07-20,659.780029296875
2021-07-21,673.6099853515625
2021-07-22,675.0399780273438
2021-07-23,685.0
2021-07-26,677.7100219726562
2021-07-27,673.0700073242188
2021-07-28,673.1199951171875
2021-07-29,669.760009765625
2021-07-30,664.0800170898438
2021-08-02,657.77001953125
2021-08-03,660.97998046875
2021-08-04,676.0800170898438
2021-08-05,679.97998046875
2021-08-06,674.989990234375
2021-08-09,688.8400268554688
2021-08-10,719.7000122070312
2021-08-11,733.4400024414062
2021-08-12,738.52001953125
2021-08-13,722.9400024414062
2021-08-16,714.97998046875
2021-08-17,688.030029296875
2021-08-18,683.719970703125
2021-08-19,673.3400268554688
2021-08-20,690.8400268554688
2021-08-23,693.739990234375
2021-08-24,701.2999877929688
2021-08-25,708.260009765625
2021-08-26,709.5
2021-08-27,706.5399780273438
2021-08-30,716.75
2021-08-31,700.6699829101562
2021-09-01,704.6900024414062
2021-09-02,672.0
2021-09-03,678.6300048828125
2021-09-07,664.260009765625
2021-09-08,672.6500244140625
2021-09-09,725.0
2021-09-10,694.469970703125
2021-09-13,700.9500122070312
2021-09-14,690.9400024414062
2021-09-15,684.989990234375
2021-09-16,685.4400024414062
2021-09-17,672.1500244140625
2021-09-20,667.25
2021-09-21,673.6599731445312
2021-09-22,685.3699951171875
2021-09-23,686.2100219726562
2021-09-24,686.6799926757812
2021-09-27,704.52001953125
2021-09-28,683.760009765625
2021-09-29,695.02001953125
2021-09-30,666.9099731445312
2021-10-01,646.4500122070312
2021-10-04,631.7000122070312
2021-10-05,635.5
2021-10-06,630.010009765625
2021-10-07,652.47998046875
2021-10-08,646.8099975585938
2021-10-11,638.0599975585938
2021-10-12,645.5900268554688
2021-10-13,638.6199951171875
2021-10-14,653.530029296875
2021-10-15,659.0700073242188
2021-10-18,689.6300048828125
2021-10-19,674.97998046875
2021-10-20,678.469970703125
2021-10-21,672.4099731445312
2021-10-22,667.5700073242188
2021-10-25,669.280029296875
2021-10-26,659.3200073242188
2021-10-27,653.52001953125
2021-10-28,659.469970703125
2021-10-29,659.6300048828125
2021-11-01,669.1500244140625
2021-11-02,659.4299926757812
2021-11-03,676.5800170898438
2021-11-04,662.5700073242188
2021-11-05,660.0900268554688
2021-11-08,657.989990234375
2021-11-09,652.27001953125
2021-11-10,636.739990234375
2021-11-11,635.4299926757812
2021-11-12,635.6599731445312
2021-11-15,649.2899780273438
2021-11-16,651.0
2021-11-17,624.010009765625
2021-11-18,643.0499877929688
2021-11-19,644.8900146484375
2021-11-22,627.1099853515625
2021-11-23,604.4500122070312
2021-11-24,605.1799926757812
2021-11-26,599.3400268554688
2021-11-29,596.780029296875
2021-11-30,583.1799926757812
2021-12-01,564.8599853515625
2021-12-02,560.75
2021-12-03,537.1400146484375
2021-12-06,562.52001953125
2021-12-07,576.3400268554688
2021-12-08,576.9600219726562
2021-12-09,608.510009765625
2021-12-10,603.0
2021-12-13,567.2000122070312
2021-12-14,568.2000122070312
2021-12-15,568.030029296875
2021-12-16,546.489990234375
2021-12-17,552.8200073242188
2021-12-20,527.4199829101562
2021-12-21,548.3400268554688
2021-12-22,544.5700073242188
2021-12-23,546.0900268554688
2021-12-27,541.780029296875
2021-12-28,528.989990234375
2021-12-29,533.6500244140625
2021-12-30,536.72998046875
2021-12-31,535.9400024414062
2022-01-03,538.3200073242188
2022-01-04,530.0900268554688
2022-01-05,505.9200134277344
2022-01-06,517.9400024414062
2022-01-07,494.79998779296875
2022-01-10,479.6000061035156
2022-01-11,482.0199890136719
2022-01-12,473.0199890136719
2022-01-13,456.2200012207031
2022-01-14,447.4599914550781
2022-01-18,426.2699890136719
2022-01-19,416.04998779296875
2022-01-20,404.239990234375
2022-01-21,391.3999938964844
2022-01-24,407.1600036621094
2022-01-25,398.55999755859375
2022-01-26,378.6600036621094
2022-01-27,366.9100036621094
2022-01-28,391.9200134277344
2022-01-31,402.82000732421875
2022-02-01,412.2799987792969
2022-02-02,402.5899963378906
2022-02-03,396.3999938964844
2022-02-04,404.07000732421875
2022-02-07,407.8699951171875
2022-02-08,411.2200012207031
2022-02-09,422.29998779296875
2022-02-10,421.55999755859375
2022-02-11,408.5899963378906
2022-02-14,408.6199951171875
2022-02-15,426.45001220703125
2022-02-16,420.0899963378906
2022-02-17,402.5299987792969
2022-02-18,400.20001220703125
2022-02-22,373.6199951171875
2022-02-23,367.2699890136719
2022-02-24,382.44000244140625
2022-02-25,396.32000732421875
2022-02-28,401.8699951171875
2022-03-01,396.20001220703125
2022-03-02,407.4200134277344
2022-03-03,395.30999755859375
2022-03-04,366.5799865722656
2022-03-07,331.0
2022-03-08,332.7300109863281
2022-03-09,346.3299865722656
2022-03-10,340.739990234375
2022-03-11,325.0799865722656
2022-03-14,325.8500061035156
2022-03-15,340.3299865722656
2022-03-16,352.5899963378906
2022-03-17,363.79998779296875
2022-03-18,374.5
2022-03-21,369.8299865722656
2022-03-22,373.6600036621094
2022-03-23,360.32000732421875
2022-03-24,361.54998779296875
2022-03-25,351.9599914550781
2022-03-28,367.5
2022-03-29,385.69000244140625
2022-03-30,334.2799987792969
2022-03-31,326.0899963378906
2022-04-01,320.5400085449219
2022-04-04,330.8500061035156
2022-04-05,354.3299865722656
2022-04-06,335.07000732421875
2022-04-07,327.82000732421875
2022-04-08,335.7799987792969
2022-04-11,340.8900146484375
2022-04-12,346.6000061035156
2022-04-13,353.2200012207031
2022-04-14,334.5299987792969
2022-04-18,327.55999755859375
2022-04-19,348.3900146484375
2022-04-20,338.3500061035156
2022-04-21,337.1600036621094
2022-04-22,320.0
2022-04-25,337.3699951171875
2022-04-26,332.5899963378906
2022-04-27,340.510009765625
2022-04-28,353.0
2022-04-29,336.1199951171875
2022-05-02,347.8299865722656
2022-05-03,344.7300109863281
2022-05-04,339.70001220703125
2022-05-05,309.2099914550781
2022-05-06,293.30999755859375
2022-05-09,290.5
2022-05-10,290.32000732421875
2022-05-11,279.45001220703125
2022-05-12,285.32000732421875
2022-05-13,289.6499938964844
2022-05-16,279.8299865722656
2022-05-17,298.2799987792969
2022-05-18,262.82000732421875
2022-05-19,276.3800048828125
2022-05-20,268.6000061035156
2022-05-23,256.4200134277344
2022-05-24,246.2899932861328
2022-05-25,256.1700134277344
2022-05-26,278.4100036621094
2022-05-27,291.0299987792969
2022-05-31,290.0799865722656
2022-06-01,290.0
2022-06-02,301.94000244140625
2022-06-03,304.6300048828125
2022-06-06,310.2099914550781
2022-06-07,306.0899963378906
2022-06-08,300.5400085449219
2022-06-09,287.6499938964844
2022-06-10,278.07000732421875
2022-06-13,257.989990234375
2022-06-14,245.3300018310547
2022-06-15,250.33999633789062
2022-06-16,231.66000366210938
2022-06-17,245.44000244140625
2022-06-21,245.55999755859375
2022-06-22,247.2899932861328
2022-06-23,256.67999267578125
2022-06-24,268.25
2022-06-27,256.0199890136719
2022-06-28,243.7899932861328
2022-06-29,237.32000732421875
2022-06-30,212.25999450683594
2022-07-01,220.6999969482422
2022-07-05,243.61000061035156
2022-07-06,241.82000732421875
2022-07-07,255.25
2022-07-08,262.1000061035156
2022-07-11,257.7300109863281
2022-07-12,261.489990234375
2022-07-13,262.3900146484375
2022-07-14,255.63999938964844
2022-07-15,267.32000732421875
2022-07-18,257.510009765625
2022-07-19,265.260009765625
2022-07-20,273.4100036621094
2022-07-21,276.42999267578125
2022-07-22,269.2200012207031
2022-07-25,262.75
2022-07-26,250.44000244140625
2022-07-27,262.1600036621094
2022-07-28,271.19000244140625
2022-07-29,279.42999267578125
2022-08-01,282.1400146484375
2022-08-02,279.80999755859375
2022-08-03,287.6499938964844
2022-08-04,283.8500061035156
2022-08-05,286.8699951171875
2022-08-08,297.6499938964844
2022-08-09,283.05999755859375
2022-08-10,299.2900085449219
2022-08-11,303.5
2022-08-12,307.55999755859375
2022-08-15,312.3999938964844
2022-08-16,329.30999755859375
2022-08-17,312.8800048828125
2022-08-18,311.30999755859375
2022-08-19,298.29998779296875
2022-08-22,293.0799865722656
2022-08-23,292.7900085449219
2022-08-24,292.7699890136719
2022-08-25,294.6400146484375
2022-08-26,266.9100036621094
2022-08-29,266.94000244140625
2022-08-30,265.6400146484375
2022-08-31,255.91000366210938
2022-09-01,252.7100067138672
2022-09-02,252.1699981689453
2022-09-06,243.7100067138672
2022-09-07,258.04998779296875
2022-09-08,261.7099914550781
2022-09-09,273.55999755859375
2022-09-12,277.6199951171875
2022-09-13,262.3299865722656
2022-09-14,262.8399963378906
2022-09-15,259.2200012207031
2022-09-16,257.6499938964844
2022-09-19,265.8299865722656
2022-09-20,254.3699951171875
2022-09-21,256.04998779296875
2022-09-22,248.13999938964844
2022-09-23,246.44000244140625
2022-09-26,240.6199951171875
2022-09-27,248.0500030517578
2022-09-28,259.0299987792969
2022-09-29,250.50999450683594
2022-09-30,246.07000732421875
2022-10-03,254.25999450683594
2022-10-04,265.7099914550781
2022-10-05,264.4100036621094
2022-10-06,264.8800048828125
2022-10-07,256.8399963378906
2022-10-10,250.66000366210938
2022-10-11,251.33999633789062
2022-10-12,247.10000610351562
2022-10-13,243.66000366210938
2022-10-14,234.0399932861328
2022-10-17,241.0
2022-10-18,246.25
2022-10-19,235.72000122070312
2022-10-20,231.63999938964844
2022-10-21,240.39999389648438
2022-10-24,234.4600067138672
2022-10-25,246.97999572753906
2022-10-26,252.13999938964844
2022-10-27,245.30999755859375
2022-10-28,255.5800018310547
2022-10-31,253.92999267578125
2022-11-01,250.44000244140625
2022-11-02,233.97000122070312
2022-11-03,236.13999938964844
2022-11-04,246.05999755859375
2022-11-07,259.2300109863281
2022-11-08,258.04998779296875
2022-11-09,253.47000122070312
2022-11-10,282.55999755859375
2022-11-11,291.3399963378906
2022-11-14,285.2200012207031
2022-11-15,296.1000061035156
2022-11-16,291.1199951171875
2022-11-17,288.5
2022-11-18,274.95001220703125
2022-11-21,263.1199951171875
2022-11-22,270.25
2022-11-23,276.45001220703125
2022-11-25,277.2200012207031
2022-11-28,275.07000732421875
2022-11-29,276.1499938964844
2022-11-30,286.8299865722656
2022-12-01,281.20001220703125
2022-12-02,280.8599853515625
2022-12-05,260.80999755859375
2022-12-06,259.0400085449219
2022-12-07,262.04998779296875
2022-12-08,266.3800048828125
2022-12-09,274.4800109863281
2022-12-12,253.05999755859375
2022-12-13,263.05999755859375
2022-12-14,259.4800109863281
2022-12-15,259.8999938964844
2022-12-16,255.0
2022-12-19,252.05999755859375
2022-12-20,255.07000732421875
2022-12-21,264.4700012207031
2022-12-22,262.260009765625
2022-12-23,264.4100036621094
2022-12-27,260.6300048828125
2022-12-28,260.05999755859375
2022-12-29,268.3500061035156
2022-12-30,267.19000244140625
2023-01-03,253.27999877929688
2023-01-04,276.7799987792969
2023-01-05,281.3900146484375
2023-01-06,292.07000732421875
2023-01-09,299.5899963378906
2023-01-10,309.6600036621094
2023-01-11,316.4800109863281
2023-01-12,319.4100036621094
2023-01-13,310.3800048828125
2023-01-17,309.25
2023-01-18,300.42999267578125
2023-01-19,292.70001220703125
2023-01-20,299.1700134277344
2023-01-23,311.2200012207031
2023-01-24,306.4200134277344
2023-01-25,308.1199951171875
2023-01-26,308.989990234375
2023-01-27,310.6499938964844
2023-01-30,305.5199890136719
2023-01-31,311.989990234375
2023-02-01,323.989990234375
2023-02-02,347.04998779296875
2023-02-03,343.6199951171875
2023-02-06,318.42999267578125
2023-02-07,319.25
2023-02-08,320.80999755859375
2023-02-09,316.0
2023-02-10,306.2300109863281
2023-02-13,320.17999267578125
2023-02-14,326.7799987792969
2023-02-15,331.7900085449219
2023-02-16,321.7699890136719
2023-02-17,315.8800048828125
2023-02-21,304.010009765625
2023-02-22,306.5899963378906
2023-02-23,302.82000732421875
2023-02-24,303.17999267578125
2023-02-27,302.9599914550781
2023-02-28,299.0299987792969
2023-03-01,291.54998779296875
2023-03-02,293.1499938964844
2023-03-03,297.2099914550781
2023-03-06,282.5299987792969
2023-03-07,282.5199890136719
2023-03-08,279.75
2023-03-09,267.1099853515625
2023-03-10,259.7300109863281
2023-03-13,253.66000366210938
2023-03-14,252.0800018310547
2023-03-15,244.1999969482422
2023-03-16,248.2899932861328
2023-03-17,246.4199981689453
2023-03-20,248.6300048828125
2023-03-21,256.260009765625
2023-03-22,247.10000610351562
2023-03-23,243.64999389648438
2023-03-24,241.94000244140625
2023-03-27,241.00999450683594
2023-03-28,241.2899932861328
2023-03-29,245.7100067138672
2023-03-30,237.6300048828125
2023-03-31,243.5500030517578
2023-04-03,241.8300018310547
2023-04-04,241.6999969482422
2023-04-05,232.17999267578125
2023-04-06,236.92999267578125
2023-04-10,240.61000061035156
2023-04-11,239.1699981689453
2023-04-12,235.4600067138672
2023-04-13,235.74000549316406
2023-04-14,233.8800048828125
2023-04-17,239.1699981689453
2023-04-18,245.27000427246094
2023-04-19,250.13999938964844
2023-04-20,245.99000549316406
2023-04-21,245.14999389648438
2023-04-24,251.39999389648438
2023-04-25,245.64999389648438
2023-04-26,245.1999969482422
2023-04-27,254.75
2023-04-28,255.1300048828125
2023-05-01,259.3599853515625
2023-05-02,257.79998779296875
2023-05-03,256.57000732421875
2023-05-04,252.49000549316406
2023-05-05,261.7200012207031
2023-05-08,257.4200134277344
2023-05-09,262.7200012207031
2023-05-10,262.260009765625
2023-05-11,265.010009765625
2023-05-12,259.7300109863281
2023-05-15,264.6300048828125
2023-05-16,241.41000366210938
2023-05-17,258.5899963378906
2023-05-18,265.6199951171875
2023-05-19,261.4200134277344
2023-05-22,256.69000244140625
2023-05-23,256.67999267578125
2023-05-24,259.7699890136719
2023-05-25,254.6300048828125
2023-05-26,246.82000732421875
2023-05-30,251.6699981689453
2023-05-31,244.97999572753906
2023-06-01,244.63999938964844
2023-06-02,252.2100067138672
2023-06-05,256.510009765625
2023-06-06,265.79998779296875
2023-06-07,267.1000061035156
2023-06-08,264.3399963378906
2023-06-09,264.2699890136719
2023-06-12,269.5899963378906
2023-06-13,280.04998779296875
2023-06-14,275.8299865722656
2023-06-15,282.8599853515625
2023-06-16,282.6000061035156
2023-06-20,289.57000732421875
2023-06-21,287.79998779296875
2023-06-22,292.510009765625
2023-06-23,290.8900146484375
2023-06-26,297.07000732421875
2023-06-27,305.57000732421875
2023-06-28,310.44000244140625
2023-06-29,322.239990234375
2023-06-30,329.5899963378906
2023-07-03,331.7900085449219
2023-07-05,332.489990234375
2023-07-06,324.6099853515625
2023-07-07,329.57000732421875
2023-07-10,347.260009765625
2023-07-11,365.67999267578125
2023-07-12,370.5799865722656
2023-07-13,369.67999267578125
2023-07-14,376.9700012207031
2023-07-17,364.989990234375
2023-07-18,369.2699890136719
2023-07-19,381.07000732421875
2023-07-20,377.0799865722656
2023-07-21,377.7200012207031
2023-07-24,381.510009765625
2023-07-25,385.44000244140625
2023-07-26,389.92999267578125
2023-07-27,381.17999267578125
2023-07-28,387.2900085449219
2023-07-31,388.1700134277344
2023-08-01,390.32000732421875
2023-08-02,388.0899963378906
2023-08-03,399.95001220703125
2023-08-04,392.8500061035156
2023-08-07,401.8399963378906
2023-08-08,399.57000732421875
2023-08-09,390.55999755859375
2023-08-10,385.0799865722656
2023-08-11,371.54998779296875
2023-08-14,382.95001220703125
2023-08-15,373.6300048828125
2023-08-16,365.1199951171875
2023-08-17,356.6499938964844
2023-08-18,353.5
2023-08-21,344.17999267578125
2023-08-22,333.6600036621094
2023-08-23,357.0199890136719
2023-08-24,351.0
2023-08-25,338.7300109863281
2023-08-28,346.8599853515625
2023-08-29,355.0400085449219
2023-08-30,355.9100036621094
2023-08-31,365.19000244140625
2023-09-01,381.04998779296875
2023-09-05,385.7699890136719
2023-09-06,373.32000732421875
2023-09-07,368.54998779296875
2023-09-08,310.95001220703125
2023-09-11,316.7900085449219
2023-09-12,306.9800109863281
2023-09-13,310.5899963378906
2023-09-14,307.25
2023-09-15,303.5899963378906
2023-09-18,292.57000732421875
2023-09-19,289.8699951171875
2023-09-20,286.69000244140625
2023-09-21,271.1499938964844
2023-09-22,263.9100036621094
2023-09-25,265.20001220703125
2023-09-26,257.3699951171875
2023-09-27,256.70001220703125
2023-09-28,259.1300048828125
2023-09-29,264.3599853515625
2023-10-02,262.010009765625
2023-10-03,253.55999755859375
2023-10-04,248.4499969482422
2023-10-05,240.17999267578125
2023-10-06,248.27999877929688
2023-10-09,245.6300048828125
2023-10-10,247.77000427246094
2023-10-11,249.85000610351562
2023-10-12,238.97000122070312
2023-10-13,238.52999877929688
2023-10-16,244.7100067138672
2023-10-17,251.02000427246094
2023-10-18,239.88999938964844
2023-10-19,231.17999267578125
2023-10-20,232.4499969482422
2023-10-23,233.05999755859375
2023-10-24,231.72000122070312
2023-10-25,226.22999572753906
2023-10-26,215.47999572753906
2023-10-27,213.1300048828125
2023-10-30,215.67999267578125
2023-10-31,217.9600067138672
2023-11-01,213.3699951171875
2023-11-02,225.02000427246094
2023-11-03,240.1300048828125
2023-11-06,232.99000549316406
2023-11-07,236.14999389648438
2023-11-08,235.5800018310547
2023-11-09,228.5
2023-11-10,233.52000427246094
2023-11-13,228.9600067138672
2023-11-14,246.8699951171875
2023-11-15,259.0899963378906
2023-11-16,254.52999877929688
2023-11-17,259.4800109863281
2023-11-20,268.42999267578125
2023-11-21,268.6000061035156
2023-11-22,270.0
2023-11-24,268.82000732421875
2023-11-27,267.3900146484375
2023-11-28,266.44000244140625
2023-11-29,270.6300048828125
2023-11-30,269.9700012207031
2023-12-01,284.6700134277344
2023-12-04,290.260009765625
2023-12-05,279.8599853515625
2023-12-06,279.8800048828125
2023-12-07,281.3999938964844
2023-12-08,242.00999450683594
2023-12-11,250.5500030517578
2023-12-12,253.07000732421875
2023-12-13,283.82000732421875
2023-12-14,317.1300048828125
2023-12-15,308.6199951171875
2023-12-18,305.2900085449219
2023-12-19,312.20001220703125
2023-12-20,305.32000732421875
2023-12-21,307.7799987792969
2023-12-22,302.1099853515625
2023-12-26,301.9800109863281
2023-12-27,299.3500061035156
2023-12-28,300.9800109863281
2023-12-29,291.4800109863281
2024-01-02,285.8500061035156
2024-01-03,269.739990234375
2024-01-04,266.3399963378906
2024-01-05,263.7099914550781
2024-01-08,272.6499938964844
2024-01-09,271.8999938964844
2024-01-10,273.1199951171875
2024-01-11,275.6600036621094
2024-01-12,268.2900085449219
2024-01-16,258.0199890136719
2024-01-17,254.5500030517578
2024-01-18,255.02000427246094
2024-01-19,259.3500061035156
2024-01-22,266.3399963378906
2024-01-23,268.7699890136719
2024-01-24,264.3399963378906
2024-01-25,270.5199890136719
2024-01-26,272.6400146484375
2024-01-29,273.2799987792969
2024-01-30,263.1000061035156
2024-01-31,253.47999572753906
2024-02-01,258.1700134277344
2024-02-02,256.0299987792969
2024-02-05,251.8300018310547
2024-02-06,254.86000061035156
2024-02-07,254.7899932861328
2024-02-08,256.8599853515625
2024-02-09,261.1400146484375
2024-02-12,278.7900085449219
2024-02-13,264.8500061035156
2024-02-14,274.94000244140625
2024-02-15,275.45001220703125
2024-02-16,265.5199890136719
2024-02-20,262.2699890136719
2024-02-21,256.0400085449219
2024-02-22,259.9700012207031
2024-02-23,258.55999755859375
2024-02-26,254.0399932861328
2024-02-27,265.7200012207031
2024-02-28,264.3599853515625
2024-02-29,274.3999938964844
2024-03-01,277.6300048828125
2024-03-04,271.1099853515625
2024-03-05,268.239990234375
2024-03-06,270.8500061035156
2024-03-07,274.3699951171875
2024-03-08,276.9599914550781
2024-03-11,281.82000732421875
2024-03-12,287.2300109863281
2024-03-13,302.8900146484375
2024-03-14,291.82000732421875
2024-03-15,290.7300109863281
2024-03-18,279.4700012207031
2024-03-19,278.79998779296875
2024-03-20,290.05999755859375
2024-03-21,311.3699951171875
2024-03-22,297.2099914550781
2024-03-25,287.2799987792969
2024-03-26,286.2799987792969
2024-03-27,296.989990234375
2024-03-28,348.260009765625
2024-04-01,334.75
2024-04-02,310.5799865722656
2024-04-03,298.3599853515625
2024-04-04,282.7200012207031
2024-04-05,278.29998779296875
2024-04-08,276.260009765625
2024-04-09,288.70001220703125
2024-04-10,260.4800109863281
2024-04-11,267.0899963378906
2024-04-12,255.17999267578125
2024-04-15,251.52000427246094
2024-04-16,243.27000427246094
2024-04-17,243.72999572753906
2024-04-18,245.2899932861328
2024-04-19,240.41000366210938
2024-04-22,245.1999969482422
2024-04-23,248.55999755859375
2024-04-24,251.85000610351562
2024-04-25,243.3699951171875
2024-04-26,248.91000366210938
2024-04-29,255.75999450683594
2024-04-30,247.0500030517578
2024-05-01,245.0
2024-05-02,262.010009765625
2024-05-03,275.04998779296875
2024-05-06,280.7799987792969
2024-05-07,278.44000244140625
2024-05-08,278.760009765625
2024-05-09,294.1400146484375
2024-05-10,290.9700012207031
2024-05-13,292.25
2024-05-14,290.69000244140625
2024-05-15,296.6600036621094
2024-05-16,286.69000244140625
2024-05-17,278.4100036621094
2024-05-20,279.92999267578125
2024-05-21,274.04998779296875
2024-05-22,254.30999755859375
2024-05-23,248.5
2024-05-24,254.7100067138672
2024-05-28,250.63999938964844
2024-05-29,252.58999633789062
2024-05-30,263.6700134277344
2024-05-31,271.92999267578125
2024-06-03,275.010009765625
2024-06-04,269.42999267578125
2024-06-05,282.5799865722656
2024-06-06,279.25
2024-06-07,268.510009765625
2024-06-10,273.9200134277344
2024-06-11,278.6099853515625
2024-06-12,285.5400085449219
2024-06-13,277.04998779296875
2024-06-14,229.72999572753906
2024-06-17,231.47999572753906
2024-06-18,220.50999450683594
2024-06-20,217.8300018310547
2024-06-21,215.97000122070312
2024-06-24,223.27999877929688
2024-06-25,214.9199981689453
2024-06-26,219.19000244140625
2024-06-27,239.3000030517578
2024-06-28,244.44000244140625
2024-07-01,238.6699981689453
2024-07-02,249.5
2024-07-03,240.72000122070312
2024-07-05,238.02000427246094
2024-07-08,242.0
2024-07-09,237.88999938964844
2024-07-10,245.3000030517578
2024-07-11,266.9200134277344
2024-07-12,274.6199951171875
2024-07-15,276.2099914550781
2024-07-16,294.260009765625
2024-07-17,286.1499938964844
2024-07-18,273.760009765625
2024-07-19,272.8399963378906
2024-07-22,257.69000244140625
2024-07-23,259.739990234375
2024-07-24,253.49000549316406
2024-07-25,260.6499938964844
2024-07-26,280.9700012207031
2024-07-29,289.7900085449219
2024-07-30,285.1499938964844
2024-07-31,290.0799865722656
2024-08-01,275.7900085449219
2024-08-02,257.5899963378906
2024-08-05,247.36000061035156
2024-08-06,253.52999877929688
2024-08-07,247.67999267578125
2024-08-08,255.99000549316406
2024-08-09,251.63999938964844
2024-08-12,245.4499969482422
2024-08-13,260.2200012207031
2024-08-14,256.1700134277344
2024-08-15,269.2699890136719
2024-08-16,268.1300048828125
2024-08-19,270.5
2024-08-20,260.8900146484375
2024-08-21,273.6400146484375
2024-08-22,262.8699951171875
2024-08-23,283.1600036621094
2024-08-26,280.29998779296875
2024-08-27,274.260009765625
2024-08-28,267.1600036621094
2024-08-29,255.36000061035156
2024-08-30,253.6999969482422
2024-09-03,251.67999267578125
2024-09-04,245.6300048828125
2024-09-05,249.8300018310547
2024-09-06,248.08999633789062
2024-09-09,241.4600067138672
2024-09-10,244.08999633789062
2024-09-11,247.02000427246094
2024-09-12,256.489990234375
2024-09-13,321.8699951171875
2024-09-16,329.8699951171875
2024-09-17,330.75
2024-09-18,334.67999267578125
2024-09-19,348.92999267578125
2024-09-20,344.2799987792969
2024-09-23,345.5400085449219
2024-09-24,344.6000061035156
2024-09-25,336.2900085449219
2024-09-26,339.69000244140625
2024-09-27,339.5
2024-09-30,334.42999267578125
2024-10-01,333.7099914550781
2024-10-02,334.4200134277344
2024-10-03,334.07000732421875
2024-10-04,332.8399963378906
2024-10-07,327.20001220703125
2024-10-08,322.0799865722656
2024-10-09,315.82000732421875
2024-10-10,318.1600036621094
2024-10-11,330.07000732421875
2024-10-14,331.17999267578125
2024-10-15,335.32000732421875
2024-10-16,351.92999267578125
2024-10-17,348.1000061035156
2024-10-18,354.5199890136719
2024-10-21,346.8699951171875
2024-10-22,337.010009765625
2024-10-23,325.9200134277344
2024-10-24,327.45001220703125
2024-10-25,325.69000244140625
2024-10-28,324.32000732421875
2024-10-29,311.8999938964844
2024-10-30,321.5199890136719
2024-10-31,318.04998779296875
2024-11-01,322.7699890136719
2024-11-04,329.5400085449219
2024-11-05,332.2300109863281
2024-11-06,323.6199951171875
2024-11-07,333.1499938964844
2024-11-08,333.1300048828125
2024-11-11,329.94000244140625
2024-11-12,333.42999267578125
2024-11-13,326.54998779296875
2024-11-14,322.8299865722656
2024-11-15,315.70001220703125
2024-11-18,318.8599853515625
2024-11-19,323.67999267578125
2024-11-20,336.79998779296875
2024-11-21,344.7300109863281
2024-11-22,368.010009765625
2024-11-25,389.1400146484375
2024-11-26,385.6400146484375
2024-11-27,386.55999755859375
2024-11-29,385.1400146484375
2024-12-02,379.260009765625
2024-12-03,379.1000061035156
2024-12-04,376.07000732421875
2024-12-05,370.7200012207031
2024-12-06,376.1000061035156
2024-12-09,396.7799987792969
2024-12-10,386.0899963378906
2024-12-11,398.95001220703125
2024-12-12,381.3800048828125
2024-12-13,446.0400085449219
2024-12-16,414.9800109863281
2024-12-17,411.7200012207031
2024-12-18,396.3900146484375
2024-12-19,388.0199890136719
2024-12-20,398.260009765625
2024-12-23,408.2300109863281
2024-12-24,413.70001220703125
2024-12-26,407.0
2024-12-27,398.07000732421875
2024-12-30,393.92999267578125
2024-12-31,393.5899963378906
2025-01-02,395.1000061035156
2025-01-03,405.4599914550781
2025-01-06,414.9599914550781
2025-01-07,403.82000732421875
2025-01-08,408.2699890136719
2025-01-10,413.95001220703125
2025-01-13,419.5199890136719
2025-01-14,416.0400085449219
2025-01-15,428.6499938964844
2025-01-16,432.8299865722656
2025-01-17,447.2300109863281
2025-01-21,454.5199890136719
2025-01-22,442.80999755859375
2025-01-23,434.4599914550781
2025-01-24,418.739990234375
2025-01-27,411.0
2025-01-28,423.1400146484375
2025-01-29,422.010009765625
2025-01-30,433.1600036621094
2025-01-31,419.1099853515625
2025-02-03,395.1400146484375
2025-02-04,406.0799865722656
2025-02-05,414.7300109863281
2025-02-06,415.2699890136719
2025-02-07,397.1000061035156
2025-02-10,402.2200012207031
2025-02-11,384.4200134277344
2025-02-12,374.1499938964844
2025-02-13,380.3500061035156
2025-02-14,382.3299865722656
2025-02-18,388.25
2025-02-19,381.8900146484375
2025-02-20,365.92999267578125
2025-02-21,340.0899963378906
2025-02-24,346.20001220703125
2025-02-25,348.5400085449219
2025-02-26,353.7699890136719
2025-02-27,327.9700012207031
2025-02-28,322.07000732421875
2025-03-03,307.2300109863281
2025-03-04,292.17999267578125
2025-03-05,289.4800109863281
2025-03-06,280.9700012207031
2025-03-07,262.42999267578125
2025-03-10,233.41000366210938
2025-03-11,230.57000732421875
2025-03-12,241.02000427246094
2025-03-13,216.6300048828125
2025-03-14,225.05999755859375
2025-03-17,225.32000732421875
2025-03-18,221.83999633789062
2025-03-19,230.0399932861328
2025-03-20,234.02999877929688
2025-03-21,242.17999267578125
2025-03-24,257.8399963378906
2025-03-25,252.89999389648438
2025-03-26,243.5800018310547
2025-03-27,243.4199981689453
2025-03-28,236.27999877929688
2025-03-31,234.41000366210938
2025-04-01,239.05999755859375
2025-04-02,249.35000610351562
2025-04-03,149.38999938964844
2025-04-04,145.66000366210938
2025-04-07,164.47999572753906
2025-04-08,149.36000061035156
2025-04-09,192.02999877929688
2025-04-10,172.0800018310547
2025-04-11,164.6199951171875
2025-04-14,163.77999877929688
2025-04-15,159.52000427246094
2025-04-16,153.85000610351562
2025-04-17,161.1300048828125
2025-04-21,155.7899932861328
2025-04-22,172.8000030517578
2025-04-23,174.47999572753906
2025-04-24,184.35000610351562
2025-04-25,185.49000549316406
2025-04-28,183.52999877929688
2025-04-29,184.60000610351562
2025-04-30,184.02999877929688
2025-05-01,184.75999450683594
2025-05-02,196.55999755859375
2025-05-05,186.30999755859375
2025-05-06,182.8699951171875
2025-05-07,189.02000427246094
2025-05-08,196.60000610351562
2025-05-09,194.27999877929688
2025-05-12,226.0399932861328
2025-05-13,225.6699981689453
2025-05-14,215.97000122070312
2025-05-15,218.08999633789062
2025-05-16,210.02000427246094
2025-05-19,203.91000366210938
2025-05-20,207.52000427246094
2025-05-21,195.60000610351562
2025-05-22,187.25999450683594
2025-05-23,184.8800048828125
2025-05-27,190.07000732421875
2025-05-28,183.85000610351562
2025-05-29,184.13999938964844
2025-05-30,181.11000061035156
2025-06-02,167.4600067138672
2025-06-03,176.72000122070312
2025-06-04,178.19000244140625
2025-06-05,175.5
2025-06-06,183.47000122070312
2025-06-09,184.85000610351562
2025-06-10,189.3800048828125
2025-06-11,178.97999572753906
2025-06-12,176.8699951171875
2025-06-13,189.1199951171875
2025-06-16,189.2899932861328
2025-06-17,182.69000244140625
2025-06-18,189.10000610351562
2025-06-20,188.85000610351562
2025-06-23,186.22000122070312
2025-06-24,184.02000427246094
2025-06-25,186.9499969482422
2025-06-26,193.0399932861328
2025-06-27,190.8300018310547
2025-06-30,189.00999450683594
2025-07-01,198.97000122070312
2025-07-02,205.8000030517578
2025-07-03,207.0399932861328
2025-07-07,198.3800048828125
2025-07-08,199.6199951171875
2025-07-09,203.27000427246094
2025-07-10,213.4499969482422
2025-07-11,207.52000427246094
2025-07-14,202.91000366210938
2025-07-15,187.5399932861328
2025-07-16,188.32000732421875
2025-07-17,196.75999450683594
2025-07-18,195.49000549316406
2025-07-21,194.6699981689453
2025-07-22,212.7899932861328
2025-07-23,221.0
2025-07-24,212.74000549316406
2025-07-25,213.8000030517578
2025-07-28,218.1699981689453
2025-07-29,211.52999877929688
2025-07-30,207.72000122070312
2025-07-31,205.6199951171875
2025-08-01,200.75999450683594
2025-08-04,216.88999938964844
2025-08-05,217.99000549316406
2025-08-06,213.02000427246094
2025-08-07,213.05999755859375
2025-08-08,215.0399932861328
2025-08-11,214.9199981689453
2025-08-12,237.2899932861328
2025-08-13,245.67999267578125
2025-08-14,235.10000610351562
2025-08-15,233.75999450683594
2025-08-18,229.2100067138672
2025-08-19,231.52999877929688
2025-08-20,216.61000061035156
2025-08-21,218.7899932861328
2025-08-22,243.7100067138672
2025-08-25,230.72000122070312
2025-08-26,221.19000244140625
2025-08-27,228.0
2025-08-28,229.22000122070312
2025-08-29,225.6699981689453
2025-09-02,221.72000122070312
2025-09-03,221.22000122070312
2025-09-04,235.24000549316406
2025-09-05,251.0
2025-09-08,240.99000549316406
2025-09-09,232.97999572753906
2025-09-10,228.92999267578125
2025-09-11,228.1199951171875
2025-09-12,217.6199951171875
2025-09-15,222.8300018310547
2025-09-16,230.6999969482422
2025-09-17,229.50999450683594
2025-09-18,233.4600067138672
2025-09-19,224.6999969482422
